Frame,Part of frame,Layer,X,Y
787,217,268435458,217,340
787,378,268435459,378,340
787,377,536870912,377,340
787,216,536870913,216,340
787,211,536870914,211,340
787,200,536870915,200,340
787,200,268435456,200,341
787,212,268435457,212,341
787,219,268435458,219,341
787,378,268435459,378,341
787,377,536870912,377,341
787,218,536870913,218,341
787,211,536870914,211,341
787,199,536870915,199,341
787,200,268435456,200,342
787,211,268435457,211,342
787,220,268435458,220,342
787,378,268435459,378,342
787,377,536870912,377,342
787,219,536870913,219,342
787,210,536870914,210,342
787,199,536870915,199,342
787,200,268435456,200,343
787,211,268435457,211,343
787,221,268435458,221,343
787,377,268435459,377,343
787,376,536870912,376,343
787,220,536870913,220,343
787,210,536870914,210,343
787,199,536870915,199,343
787,199,268435456,199,344
787,211,268435457,211,344
787,222,268435458,222,344
787,377,268435459,377,344
787,376,536870912,376,344
787,221,536870913,221,344
787,210,536870914,210,344
787,198,536870915,198,344
787,199,268435456,199,345
787,210,268435457,210,345
787,223,268435458,223,345
787,377,268435459,377,345
787,376,536870912,376,345
787,222,536870913,222,345
787,209,536870914,209,345
787,198,536870915,198,345
787,199,268435456,199,346
787,210,268435457,210,346
787,224,268435458,224,346
787,376,268435459,376,346
787,375,536870912,375,346
787,223,536870913,223,346
787,209,536870914,209,346
787,198,536870915,198,346
787,199,268435456,199,347
787,209,268435457,209,347
787,226,268435458,226,347
787,376,268435459,376,347
787,375,536870912,375,347
787,225,536870913,225,347
787,208,536870914,208,347
787,198,536870915,198,347
787,198,268435456,198,348
787,209,268435457,209,348
787,227,268435458,227,348
787,376,268435459,376,348
787,375,536870912,375,348
787,226,536870913,226,348
787,208,536870914,208,348
787,197,536870915,197,348
787,198,268435456,198,349
787,209,268435457,209,349
787,228,268435458,228,349
787,376,268435459,376,349
787,375,536870912,375,349
787,227,536870913,227,349
787,208,536870914,208,349
787,197,536870915,197,349
787,198,268435456,198,350
787,208,268435457,208,350
787,229,268435458,229,350
787,376,268435459,376,350
787,375,536870912,375,350
787,228,536870913,228,350
787,207,536870914,207,350
787,197,536870915,197,350
787,198,268435456,198,351
787,208,268435457,208,351
787,230,268435458,230,351
787,375,268435459,375,351
787,374,536870912,374,351
787,229,536870913,229,351
787,207,536870914,207,351
787,197,536870915,197,351
787,197,268435456,197,352
787,208,268435457,208,352
787,232,268435458,232,352
787,375,268435459,375,352
787,374,536870912,374,352
787,231,536870913,231,352
787,207,536870914,207,352
787,196,536870915,196,352
787,197,268435456,197,353
787,207,268435457,207,353
787,233,268435458,233,353
787,375,268435459,375,353
787,374,536870912,374,353
787,232,536870913,232,353
787,206,536870914,206,353
787,196,536870915,196,353
787,197,268435456,197,354
787,207,268435457,207,354
787,234,268435458,234,354
787,375,268435459,375,354
787,374,536870912,374,354
787,233,536870913,233,354
787,206,536870914,206,354
787,196,536870915,196,354
787,196,268435456,196,355
787,206,268435457,206,355
787,236,268435458,236,355
787,374,268435459,374,355
787,373,536870912,373,355
787,235,536870913,235,355
787,205,536870914,205,355
787,195,536870915,195,355
787,196,268435456,196,356
787,206,268435457,206,356
787,237,268435458,237,356
787,374,268435459,374,356
787,373,536870912,373,356
787,236,536870913,236,356
787,205,536870914,205,356
787,195,536870915,195,356
787,195,268435456,195,357
787,205,268435457,205,357
787,238,268435458,238,357
787,374,268435459,374,357
787,373,536870912,373,357
787,237,536870913,237,357
787,204,536870914,204,357
787,194,536870915,194,357
787,195,268435456,195,358
787,205,268435457,205,358
787,240,268435458,240,358
787,374,268435459,374,358
787,373,536870912,373,358
787,239,536870913,239,358
787,204,536870914,204,358
787,194,536870915,194,358
787,194,268435456,194,359
787,204,268435457,204,359
787,241,268435458,241,359
787,373,268435459,373,359
787,372,536870912,372,359
787,240,536870913,240,359
787,203,536870914,203,359
787,193,536870915,193,359
787,0,1879048192,0,0
787,0,2147483648,0,359
787,1,1879048192,1,0
787,1,2147483648,1,359
787,2,1879048192,2,0
787,2,2147483648,2,359
787,3,1879048192,3,0
787,3,2147483648,3,359
787,4,1879048192,4,0
787,4,2147483648,4,359
787,5,1879048192,5,0
787,5,2147483648,5,359
787,6,1879048192,6,0
787,6,2147483648,6,359
787,7,1879048192,7,0
787,7,2147483648,7,359
787,8,1879048192,8,0
787,8,2147483648,8,359
787,9,1879048192,9,0
787,9,2147483648,9,359
787,10,1879048192,10,0
787,10,2147483648,10,359
787,11,1879048192,11,0
787,11,2147483648,11,359
787,12,1879048192,12,0
787,12,2147483648,12,359
787,13,1879048192,13,0
787,13,2147483648,13,359
787,14,1879048192,14,0
787,14,2147483648,14,359
787,15,1879048192,15,0
787,15,2147483648,15,359
787,16,1879048192,16,0
787,16,2147483648,16,359
787,17,1879048192,17,0
787,17,2147483648,17,359
787,18,1879048192,18,0
787,18,2147483648,18,359
787,19,1879048192,19,0
787,19,2147483648,19,359
787,20,1879048192,20,0
787,20,2147483648,20,359
787,21,1879048192,21,0
787,21,2147483648,21,359
787,22,1879048192,22,0
787,22,2147483648,22,359
787,23,1879048192,23,0
787,23,2147483648,23,359
787,24,1879048192,24,0
787,24,2147483648,24,359
787,25,1879048192,25,0
787,25,2147483648,25,359
787,26,1879048192,26,0
787,26,2147483648,26,359
787,27,1879048192,27,0
787,27,2147483648,27,359
787,28,1879048192,28,0
787,28,2147483648,28,359
787,29,1879048192,29,0
787,29,2147483648,29,359
787,30,1879048192,30,0
787,30,2147483648,30,359
787,31,1879048192,31,0
787,31,2147483648,31,359
787,32,1879048192,32,0
787,32,2147483648,32,359
787,33,1879048192,33,0
787,33,2147483648,33,359
787,34,1879048192,34,0
787,34,2147483648,34,359
787,35,1879048192,35,0
787,35,2147483648,35,359
787,36,1879048192,36,0
787,36,2147483648,36,359
787,37,1879048192,37,0
787,37,2147483648,37,359
787,38,1879048192,38,0
787,38,2147483648,38,359
787,39,1879048192,39,0
787,39,2147483648,39,359
787,40,1879048192,40,0
787,40,2147483648,40,359
787,41,1879048192,41,0
787,41,2147483648,41,359
787,42,1879048192,42,0
787,42,2147483648,42,359
787,43,1879048192,43,0
787,43,2147483648,43,359
787,44,1879048192,44,0
787,44,2147483648,44,359
787,45,1879048192,45,0
787,45,2147483648,45,359
787,46,1879048192,46,0
787,46,2147483648,46,359
787,47,1879048192,47,0
787,47,2147483648,47,359
787,48,1879048192,48,0
787,48,2147483648,48,359
787,49,1879048192,49,0
787,49,2147483648,49,359
787,50,1879048192,50,0
787,50,2147483648,50,359
787,51,1879048192,51,0
787,51,2147483648,51,359
787,52,1879048192,52,0
787,52,2147483648,52,359
787,53,1879048192,53,0
787,53,2147483648,53,359
787,54,1879048192,54,0
787,54,2147483648,54,359
787,55,1879048192,55,0
787,55,2147483648,55,359
787,56,1879048192,56,0
787,56,2147483648,56,359
787,57,1879048192,57,0
787,57,2147483648,57,359
787,58,1879048192,58,0
787,58,2147483648,58,359
787,59,1879048192,59,0
787,59,2147483648,59,359
787,60,1879048192,60,0
787,60,2147483648,60,359
787,61,1879048192,61,0
787,61,2147483648,61,359
787,62,1879048192,62,0
787,62,2147483648,62,359
787,63,1879048192,63,0
787,63,2147483648,63,359
787,64,1879048192,64,0
787,64,2147483648,64,359
787,65,1879048192,65,0
787,65,2147483648,65,359
787,66,1879048192,66,0
787,66,2147483648,66,359
787,67,1879048192,67,0
787,67,2147483648,67,359
787,68,1879048192,68,0
787,68,2147483648,68,359
787,69,1879048192,69,0
787,69,2147483648,69,359
787,70,1879048192,70,0
787,70,2147483648,70,359
787,71,1879048192,71,0
787,71,2147483648,71,359
787,72,1879048192,72,0
787,72,2147483648,72,359
787,73,1879048192,73,0
787,73,2147483648,73,359
787,74,1879048192,74,0
787,74,2147483648,74,359
787,75,1879048192,75,0
787,75,2147483648,75,359
787,76,1879048192,76,0
787,76,2147483648,76,359
787,77,1879048192,77,0
787,77,2147483648,77,359
787,78,1879048192,78,0
787,78,2147483648,78,359
787,79,1879048192,79,0
787,79,2147483648,79,359
787,80,1879048192,80,0
787,80,2147483648,80,359
787,81,1879048192,81,0
787,81,2147483648,81,359
787,82,1879048192,82,0
787,82,2147483648,82,359
787,83,1879048192,83,0
787,83,2147483648,83,359
787,84,1879048192,84,0
787,84,2147483648,84,359
787,85,1879048192,85,0
787,85,2147483648,85,359
787,86,1879048192,86,0
787,86,2147483648,86,359
787,87,1879048192,87,0
787,87,2147483648,87,359
787,88,1879048192,88,0
787,88,2147483648,88,359
787,89,1879048192,89,0
787,89,2147483648,89,359
787,90,1879048192,90,0
787,90,2147483648,90,359
787,91,1879048192,91,0
787,91,2147483648,91,359
787,92,1879048192,92,0
787,92,2147483648,92,359
787,93,1879048192,93,0
787,93,2147483648,93,359
787,94,1879048192,94,0
787,94,2147483648,94,359
787,95,1879048192,95,0
787,95,2147483648,95,359
787,96,1879048192,96,0
787,96,2147483648,96,359
787,97,1879048192,97,0
787,97,2147483648,97,359
787,98,1879048192,98,0
787,98,2147483648,98,359
787,99,1879048192,99,0
787,99,2147483648,99,359
787,100,1879048192,100,0
787,100,2147483648,100,359
787,101,1879048192,101,0
787,101,2147483648,101,359
787,102,1879048192,102,0
787,102,2147483648,102,359
787,103,1879048192,103,0
787,103,2147483648,103,359
787,104,1879048192,104,0
787,104,2147483648,104,359
787,105,1879048192,105,0
787,105,2147483648,105,359
787,106,1879048192,106,0
787,106,2147483648,106,359
787,107,1879048192,107,0
787,107,2147483648,107,359
787,108,1879048192,108,0
787,108,2147483648,108,359
787,109,1879048192,109,0
787,109,2147483648,109,359
787,110,1879048192,110,0
787,110,2147483648,110,359
787,111,1879048192,111,0
787,111,2147483648,111,359
787,112,1879048192,112,0
787,112,2147483648,112,359
787,113,1879048192,113,0
787,113,2147483648,113,359
787,114,1879048192,114,0
787,114,2147483648,114,359
787,115,1879048192,115,0
787,115,2147483648,115,359
787,116,1879048192,116,0
787,116,2147483648,116,359
787,117,1879048192,117,0
787,117,2147483648,117,359
787,118,1879048192,118,0
787,118,2147483648,118,359
787,119,1879048192,119,0
787,119,2147483648,119,359
787,120,1879048192,120,0
787,120,2147483648,120,359
787,121,1879048192,121,0
787,121,2147483648,121,359
787,122,1879048192,122,0
787,122,2147483648,122,359
787,123,1879048192,123,0
787,123,2147483648,123,359
787,124,1879048192,124,0
787,124,2147483648,124,359
787,125,1879048192,125,0
787,125,2147483648,125,359
787,126,1879048192,126,0
787,126,2147483648,126,359
787,127,1879048192,127,0
787,127,2147483648,127,359
787,128,1879048192,128,0
787,128,2147483648,128,359
787,129,1879048192,129,0
787,129,2147483648,129,359
787,130,1879048192,130,0
787,130,2147483648,130,359
787,131,1879048192,131,0
787,131,2147483648,131,359
787,132,1879048192,132,0
787,132,2147483648,132,359
787,133,1879048192,133,0
787,133,2147483648,133,359
787,134,1879048192,134,0
787,134,2147483648,134,359
787,135,1879048192,135,0
787,135,2147483648,135,359
787,136,1879048192,136,0
787,136,2147483648,136,359
787,137,1879048192,137,0
787,137,2147483648,137,359
787,138,1879048192,138,0
787,138,2147483648,138,359
787,139,1879048192,139,0
787,139,2147483648,139,359
787,140,1879048192,140,0
787,140,2147483648,140,359
787,141,1879048192,141,0
787,141,2147483648,141,359
787,142,1879048192,142,0
787,142,2147483648,142,359
787,143,1879048192,143,0
787,143,2147483648,143,359
787,144,1879048192,144,0
787,144,2147483648,144,359
787,145,1879048192,145,0
787,145,2147483648,145,359
787,146,1879048192,146,0
787,146,2147483648,146,359
787,147,1879048192,147,0
787,147,2147483648,147,359
787,148,1879048192,148,0
787,148,2147483648,148,359
787,149,1879048192,149,0
787,149,2147483648,149,359
787,150,1879048192,150,0
787,150,2147483648,150,359
787,151,1879048192,151,0
787,151,2147483648,151,359
787,152,1879048192,152,0
787,152,2147483648,152,359
787,153,1879048192,153,0
787,153,2147483648,153,359
787,154,1879048192,154,0
787,154,2147483648,154,359
787,155,1879048192,155,0
787,155,2147483648,155,359
787,156,1879048192,156,0
787,156,2147483648,156,359
787,157,1879048192,157,0
787,157,2147483648,157,359
787,158,1879048192,158,0
787,158,2147483648,158,359
787,159,1879048192,159,0
787,159,2147483648,159,359
787,160,1879048192,160,0
787,160,2147483648,160,359
787,161,1879048192,161,0
787,161,2147483648,161,359
787,162,1879048192,162,0
787,162,2147483648,162,359
787,163,1879048192,163,0
787,163,2147483648,163,359
787,164,1879048192,164,0
787,164,2147483648,164,359
787,165,1879048192,165,0
787,165,2147483648,165,359
787,166,1879048192,166,0
787,166,2147483648,166,359
787,167,1879048192,167,0
787,167,2147483648,167,359
787,168,1879048192,168,0
787,168,2147483648,168,359
787,169,1879048192,169,0
787,169,2147483648,169,359
787,170,1879048192,170,0
787,170,2147483648,170,359
787,171,1879048192,171,0
787,171,2147483648,171,359
787,172,1879048192,172,0
787,172,2147483648,172,359
787,173,1879048192,173,0
787,173,2147483648,173,359
787,174,1879048192,174,0
787,174,2147483648,174,359
787,175,1879048192,175,0
787,175,2147483648,175,359
787,176,1879048192,176,0
787,176,2147483648,176,359
787,177,1879048192,177,0
787,177,2147483648,177,359
787,178,1879048192,178,0
787,178,2147483648,178,359
787,179,1879048192,179,0
787,179,2147483648,179,359
787,180,1879048192,180,0
787,180,2147483648,180,359
787,181,1879048192,181,0
787,181,2147483648,181,359
787,182,1879048192,182,0
787,182,2147483648,182,359
787,183,1879048192,183,0
787,183,2147483648,183,359
787,184,1879048192,184,0
787,184,2147483648,184,359
787,185,1879048192,185,0
787,185,2147483648,185,359
787,186,1879048192,186,0
787,186,2147483648,186,359
787,187,1879048192,187,0
787,187,2147483648,187,359
787,188,1879048192,188,0
787,188,2147483648,188,359
787,189,1879048192,189,0
787,189,2147483648,189,359
787,190,1879048192,190,0
787,190,2147483648,190,359
787,191,1879048192,191,0
787,191,2147483648,191,359
787,192,1879048192,192,0
787,192,2147483648,192,359
787,193,1879048192,193,0
787,193,2147483648,193,359
787,194,805306368,194,359
787,194,1073741824,194,358
787,195,805306368,195,357
787,195,1073741824,195,356
787,196,805306368,196,355
787,196,1073741824,196,354
787,197,805306368,197,315
787,197,805306369,197,319
787,197,805306370,197,324
787,197,805306371,197,331
787,197,805306372,197,352
787,197,1073741824,197,351
787,197,1073741825,197,330
787,197,1073741826,197,323
787,197,1073741827,197,318
787,197,1073741828,197,314
787,198,805306368,198,313
787,198,805306369,198,332
787,198,805306370,198,348
787,198,1073741824,198,347
787,198,1073741825,198,331
787,198,1073741826,198,312
787,199,805306368,199,312
787,199,805306369,199,333
787,199,805306370,199,344
787,199,1073741824,199,343
787,199,1073741825,199,332
787,199,1073741826,199,311
787,200,805306368,200,310
787,200,805306369,200,336
787,200,805306370,200,341
787,200,1073741824,200,340
787,200,1073741825,200,335
787,200,1073741826,200,309
787,201,805306368,201,309
787,201,1073741824,201,308
787,202,805306368,202,307
787,202,1073741824,202,306
787,203,805306368,203,305
787,203,1073741824,203,304
787,204,805306368,204,304
787,204,805306369,204,359
787,204,1073741824,204,358
787,204,1073741825,204,303
787,205,805306368,205,302
787,205,805306369,205,357
787,205,1073741824,205,356
787,205,1073741825,205,301
787,206,805306368,206,300
787,206,805306369,206,355
787,206,1073741824,206,354
787,206,1073741825,206,299
787,207,805306368,207,298
787,207,805306369,207,353
787,207,1073741824,207,352
787,207,1073741825,207,297
787,208,805306368,208,297
787,208,805306369,208,350
787,208,1073741824,208,349
787,208,1073741825,208,296
787,209,805306368,209,295
787,209,805306369,209,347
787,209,1073741824,209,346
787,209,1073741825,209,294
787,210,805306368,210,293
787,210,805306369,210,345
787,210,1073741824,210,344
787,210,1073741825,210,292
787,211,805306368,211,291
787,211,805306369,211,342
787,211,1073741824,211,341
787,211,1073741825,211,290
787,212,805306368,212,290
787,212,805306369,212,339
787,212,1073741824,212,338
787,212,1073741825,212,289
787,213,805306368,213,288
787,213,805306369,213,338
787,213,1073741824,213,337
787,213,1073741825,213,287
787,214,805306368,214,286
787,214,805306369,214,338
787,214,1073741824,214,337
787,214,1073741825,214,285
787,215,805306368,215,284
787,215,805306369,215,339
787,215,1073741824,215,338
787,215,1073741825,215,283
787,216,805306368,216,282
787,216,805306369,216,340
787,216,1073741824,216,339
787,216,1073741825,216,281
787,217,805306368,217,280
787,217,805306369,217,341
787,217,1073741824,217,340
787,217,1073741825,217,279
787,218,805306368,218,278
787,218,805306369,218,341
787,218,1073741824,218,340
787,218,1073741825,218,277
787,219,805306368,219,112
787,219,805306369,219,116
787,219,805306370,219,276
787,219,805306371,219,342
787,219,1073741824,219,341
787,219,1073741825,219,275
787,219,1073741826,219,115
787,219,1073741827,219,111
787,220,805306368,220,112
787,220,805306369,220,118
787,220,805306370,220,274
787,220,805306371,220,343
787,220,1073741824,220,342
787,220,1073741825,220,273
787,220,1073741826,220,117
787,220,1073741827,220,111
787,221,805306368,221,112
787,221,805306369,221,119
787,221,805306370,221,272
787,221,805306371,221,344
787,221,1073741824,221,343
787,221,1073741825,221,271
787,221,1073741826,221,118
787,221,1073741827,221,111
787,222,805306368,222,112
787,222,805306369,222,120
787,222,805306370,222,270
787,222,805306371,222,345
787,222,1073741824,222,344
787,222,1073741825,222,269
787,222,1073741826,222,119
787,222,1073741827,222,111
787,223,805306368,223,112
787,223,805306369,223,121
787,223,805306370,223,269
787,223,805306371,223,346
787,223,1073741824,223,345
787,223,1073741825,223,268
787,223,1073741826,223,120
787,223,1073741827,223,111
787,224,805306368,224,112
787,224,805306369,224,121
787,224,805306370,224,267
787,224,805306371,224,347
787,224,1073741824,224,346
787,224,1073741825,224,266
787,224,1073741826,224,120
787,224,1073741827,224,111
787,225,805306368,225,112
787,225,805306369,225,121
787,225,805306370,225,265
787,225,805306371,225,347
787,225,1073741824,225,346
787,225,1073741825,225,264
787,225,1073741826,225,120
787,225,1073741827,225,111
787,226,805306368,226,111
787,226,805306369,226,121
787,226,805306370,226,263
787,226,805306371,226,348
787,226,1073741824,226,347
787,226,1073741825,226,262
787,226,1073741826,226,120
787,226,1073741827,226,110
787,227,805306368,227,111
787,227,805306369,227,121
787,227,805306370,227,261
787,227,805306371,227,349
787,227,1073741824,227,348
787,227,1073741825,227,260
787,227,1073741826,227,120
787,227,1073741827,227,110
787,228,805306368,228,111
787,228,805306369,228,121
787,228,805306370,228,260
787,228,805306371,228,350
787,228,1073741824,228,349
787,228,1073741825,228,259
787,228,1073741826,228,120
787,228,1073741827,228,110
787,229,805306368,229,110
787,229,805306369,229,121
787,229,805306370,229,257
787,229,805306371,229,351
787,229,1073741824,229,350
787,229,1073741825,229,256
787,229,1073741826,229,120
787,229,1073741827,229,109
787,230,805306368,230,109
787,230,805306369,230,122
787,230,805306370,230,256
787,230,805306371,230,352
787,230,1073741824,230,351
787,230,1073741825,230,255
787,230,1073741826,230,121
787,230,1073741827,230,108
787,231,805306368,231,109
787,231,805306369,231,123
787,231,805306370,231,255
787,231,805306371,231,352
787,231,1073741824,231,351
787,231,1073741825,231,254
787,231,1073741826,231,122
787,231,1073741827,231,108
787,232,805306368,232,108
787,232,805306369,232,123
787,232,805306370,232,253
787,232,805306371,232,353
787,232,1073741824,232,352
787,232,1073741825,232,252
787,232,1073741826,232,122
787,232,1073741827,232,107
787,233,805306368,233,107
787,233,805306369,233,122
787,233,805306370,233,252
787,233,805306371,233,354
787,233,1073741824,233,353
787,233,1073741825,233,251
787,233,1073741826,233,121
787,233,1073741827,233,106
787,234,805306368,234,106
787,234,805306369,234,121
787,234,805306370,234,250
787,234,805306371,234,355
787,234,1073741824,234,354
787,234,1073741825,234,249
787,234,1073741826,234,120
787,234,1073741827,234,105
787,235,805306368,235,105
787,235,805306369,235,121
787,235,805306370,235,249
787,235,805306371,235,355
787,235,1073741824,235,354
787,235,1073741825,235,248
787,235,1073741826,235,120
787,235,1073741827,235,104
787,236,805306368,236,104
787,236,805306369,236,119
787,236,805306370,236,237
787,236,805306371,236,245
787,236,805306372,236,248
787,236,805306373,236,356
787,236,1073741824,236,355
787,236,1073741825,236,247
787,236,1073741826,236,244
787,236,1073741827,236,236
787,236,1073741828,236,118
787,236,1073741829,236,103
787,237,805306368,237,83
787,237,805306369,237,84
787,237,805306370,237,103
787,237,805306371,237,119
787,237,805306372,237,234
787,237,805306373,237,357
787,237,1073741824,237,356
787,237,1073741825,237,233
787,237,1073741826,237,118
787,237,1073741827,237,102
787,237,1073741828,237,83
787,237,1073741829,237,82
787,238,805306368,238,83
787,238,805306369,238,86
787,238,805306370,238,102
787,238,805306371,238,118
787,238,805306372,238,232
787,238,805306373,238,358
787,238,1073741824,238,357
787,238,1073741825,238,231
787,238,1073741826,238,117
787,238,1073741827,238,101
787,238,1073741828,238,85
787,238,1073741829,238,82
787,239,805306368,239,83
787,239,805306369,239,87
787,239,805306370,239,101
787,239,805306371,239,117
787,239,805306372,239,231
787,239,805306373,239,358
787,239,1073741824,239,357
787,239,1073741825,239,230
787,239,1073741826,239,116
787,239,1073741827,239,100
787,239,1073741828,239,86
787,239,1073741829,239,82
787,240,805306368,240,83
787,240,805306369,240,89
787,240,805306370,240,100
787,240,805306371,240,118
787,240,805306372,240,229
787,240,805306373,240,359
787,240,1073741824,240,358
787,240,1073741825,240,228
787,240,1073741826,240,117
787,240,1073741827,240,99
787,240,1073741828,240,88
787,240,1073741829,240,82
787,241,805306368,241,83
787,241,805306369,241,89
787,241,805306370,241,99
787,241,805306371,241,118
787,241,805306372,241,228
787,241,1073741824,241,227
787,241,1073741825,241,117
787,241,1073741826,241,98
787,241,1073741827,241,88
787,241,1073741828,241,82
787,242,805306368,242,83
787,242,805306369,242,90
787,242,805306370,242,98
787,242,805306371,242,118
787,242,805306372,242,226
787,242,1073741824,242,225
787,242,1073741825,242,117
787,242,1073741826,242,97
787,242,1073741827,242,89
787,242,1073741828,242,82
787,243,805306368,243,75
787,243,805306369,243,91
787,243,805306370,243,97
787,243,805306371,243,117
787,243,805306372,243,224
787,243,1073741824,243,223
787,243,1073741825,243,116
787,243,1073741826,243,96
787,243,1073741827,243,90
787,243,1073741828,243,74
787,244,805306368,244,69
787,244,805306369,244,92
787,244,805306370,244,95
787,244,805306371,244,117
787,244,805306372,244,121
787,244,805306373,244,126
787,244,805306374,244,223
787,244,1073741824,244,222
787,244,1073741825,244,125
787,244,1073741826,244,120
787,244,1073741827,244,116
787,244,1073741828,244,94
787,244,1073741829,244,91
787,244,1073741830,244,68
787,245,805306368,245,67
787,245,805306369,245,127
787,245,805306370,245,222
787,245,1073741824,245,221
787,245,1073741825,245,126
787,245,1073741826,245,66
787,246,805306368,246,64
787,246,805306369,246,125
787,246,805306370,246,221
787,246,1073741824,246,220
787,246,1073741825,246,124
787,246,1073741826,246,63
787,247,805306368,247,62
787,247,805306369,247,126
787,247,805306370,247,220
787,247,1073741824,247,219
787,247,1073741825,247,125
787,247,1073741826,247,61
787,248,805306368,248,61
787,248,805306369,248,128
787,248,805306370,248,219
787,248,1073741824,248,218
787,248,1073741825,248,127
787,248,1073741826,248,60
787,249,805306368,249,60
787,249,805306369,249,129
787,249,805306370,249,218
787,249,1073741824,249,217
787,249,1073741825,249,128
787,249,1073741826,249,59
787,250,805306368,250,58
787,250,805306369,250,131
787,250,805306370,250,217
787,250,1073741824,250,216
787,250,1073741825,250,130
787,250,1073741826,250,57
787,251,805306368,251,57
787,251,805306369,251,132
787,251,805306370,251,216
787,251,1073741824,251,215
787,251,1073741825,251,131
787,251,1073741826,251,56
787,252,805306368,252,56
787,252,805306369,252,134
787,252,805306370,252,214
787,252,1073741824,252,213
787,252,1073741825,252,133
787,252,1073741826,252,55
787,253,805306368,253,56
787,253,805306369,253,135
787,253,805306370,253,214
787,253,1073741824,253,213
787,253,1073741825,253,134
787,253,1073741826,253,55
787,254,805306368,254,55
787,254,805306369,254,135
787,254,805306370,254,212
787,254,1073741824,254,211
787,254,1073741825,254,134
787,254,1073741826,254,54
787,255,805306368,255,54
787,255,805306369,255,136
787,255,805306370,255,210
787,255,1073741824,255,209
787,255,1073741825,255,135
787,255,1073741826,255,53
787,256,805306368,256,53
787,256,805306369,256,132
787,256,805306370,256,208
787,256,1073741824,256,207
787,256,1073741825,256,131
787,256,1073741826,256,52
787,257,805306368,257,53
787,257,805306369,257,134
787,257,805306370,257,198
787,257,805306371,257,200
787,257,805306372,257,206
787,257,1073741824,257,205
787,257,1073741825,257,199
787,257,1073741826,257,197
787,257,1073741827,257,133
787,257,1073741828,257,52
787,258,805306368,258,52
787,258,805306369,258,137
787,258,805306370,258,196
787,258,805306371,258,200
787,258,805306372,258,204
787,258,1073741824,258,203
787,258,1073741825,258,199
787,258,1073741826,258,195
787,258,1073741827,258,136
787,258,1073741828,258,51
787,259,805306368,259,52
787,259,805306369,259,136
787,259,805306370,259,194
787,259,805306371,259,199
787,259,805306372,259,202
787,259,1073741824,259,201
787,259,1073741825,259,198
787,259,1073741826,259,193
787,259,1073741827,259,135
787,259,1073741828,259,51
787,260,805306368,260,36
787,260,805306369,260,37
787,260,805306370,260,51
787,260,805306371,260,139
787,260,805306372,260,192
787,260,805306373,260,198
787,260,805306374,260,200
787,260,1073741824,260,199
787,260,1073741825,260,197
787,260,1073741826,260,191
787,260,1073741827,260,138
787,260,1073741828,260,50
787,260,1073741829,260,36
787,260,1073741830,260,35
787,261,805306368,261,35
787,261,805306369,261,38
787,261,805306370,261,51
787,261,805306371,261,143
787,261,805306372,261,147
787,261,805306373,261,149
787,261,805306374,261,191
787,261,1073741824,261,190
787,261,1073741825,261,148
787,261,1073741826,261,146
787,261,1073741827,261,142
787,261,1073741828,261,50
787,261,1073741829,261,37
787,261,1073741830,261,34
787,262,805306368,262,35
787,262,805306369,262,38
787,262,805306370,262,50
787,262,805306371,262,150
787,262,805306372,262,189
787,262,1073741824,262,188
787,262,1073741825,262,149
787,262,1073741826,262,49
787,262,1073741827,262,37
787,262,1073741828,262,34
787,263,805306368,263,35
787,263,805306369,263,39
787,263,805306370,263,50
787,263,805306371,263,155
787,263,805306372,263,188
787,263,1073741824,263,187
787,263,1073741825,263,154
787,263,1073741826,263,49
787,263,1073741827,263,38
787,263,1073741828,263,34
787,264,805306368,264,35
787,264,805306369,264,40
787,264,805306370,264,49
787,264,805306371,264,163
787,264,805306372,264,187
787,264,1073741824,264,186
787,264,1073741825,264,162
787,264,1073741826,264,48
787,264,1073741827,264,39
787,264,1073741828,264,34
787,265,805306368,265,35
787,265,805306369,265,41
787,265,805306370,265,49
787,265,1073741824,265,48
787,265,1073741825,265,40
787,265,1073741826,265,34
787,266,805306368,266,35
787,266,805306369,266,42
787,266,805306370,266,49
787,266,1073741824,266,48
787,266,1073741825,266,41
787,266,1073741826,266,34
787,267,805306368,267,35
787,267,805306369,267,43
787,267,805306370,267,48
787,267,1073741824,267,47
787,267,1073741825,267,42
787,267,1073741826,267,34
787,268,805306368,268,35
787,268,805306369,268,44
787,268,805306370,268,48
787,268,1073741824,268,47
787,268,1073741825,268,43
787,268,1073741826,268,34
787,269,805306368,269,35
787,269,805306369,269,46
787,269,805306370,269,47
787,269,1073741824,269,46
787,269,1073741825,269,45
787,269,1073741826,269,34
787,270,805306368,270,35
787,270,1073741824,270,34
787,271,805306368,271,35
787,271,1073741824,271,34
787,272,805306368,272,36
787,272,1073741824,272,35
787,273,805306368,273,36
787,273,1073741824,273,35
787,274,805306368,274,37
787,274,1073741824,274,36
787,275,805306368,275,37
787,275,1073741824,275,36
787,276,805306368,276,38
787,276,1073741824,276,37
787,277,805306368,277,39
787,277,1073741824,277,38
787,278,805306368,278,40
787,278,1073741824,278,39
787,279,805306368,279,42
787,279,1073741824,279,41
787,280,805306368,280,43
787,280,1073741824,280,42
787,281,805306368,281,44
787,281,1073741824,281,43
787,282,805306368,282,44
787,282,1073741824,282,43
787,283,805306368,283,44
787,283,1073741824,283,43
787,284,805306368,284,43
787,284,1073741824,284,42
787,285,805306368,285,43
787,285,1073741824,285,42
787,286,805306368,286,43
787,286,1073741824,286,42
787,287,805306368,287,43
787,287,1073741824,287,42
787,288,805306368,288,43
787,288,1073741824,288,42
787,289,805306368,289,43
787,289,1073741824,289,42
787,290,805306368,290,43
787,290,1073741824,290,42
787,291,805306368,291,43
787,291,1073741824,291,42
787,292,805306368,292,43
787,292,1073741824,292,42
787,293,805306368,293,43
787,293,1073741824,293,42
787,294,805306368,294,43
787,294,1073741824,294,42
787,295,805306368,295,43
787,295,1073741824,295,42
787,296,805306368,296,43
787,296,1073741824,296,42
787,297,805306368,297,43
787,297,1073741824,297,42
787,298,805306368,298,43
787,298,1073741824,298,42
787,299,805306368,299,43
787,299,1073741824,299,42
787,300,805306368,300,43
787,300,1073741824,300,42
787,301,805306368,301,43
787,301,1073741824,301,42
787,302,805306368,302,43
787,302,1073741824,302,42
787,303,805306368,303,44
787,303,1073741824,303,43
787,304,805306368,304,44
787,304,1073741824,304,43
787,305,805306368,305,44
787,305,1073741824,305,43
787,306,805306368,306,44
787,306,1073741824,306,43
787,307,805306368,307,44
787,307,1073741824,307,43
787,308,805306368,308,44
787,308,1073741824,308,43
787,309,805306368,309,45
787,309,1073741824,309,44
787,310,805306368,310,45
787,310,1073741824,310,44
787,311,805306368,311,45
787,311,1073741824,311,44
787,312,805306368,312,45
787,312,1073741824,312,44
787,313,805306368,313,45
787,313,1073741824,313,44
787,314,805306368,314,46
787,314,1073741824,314,45
787,315,805306368,315,46
787,315,1073741824,315,45
787,316,805306368,316,46
787,316,1073741824,316,45
787,317,805306368,317,46
787,317,1073741824,317,45
787,318,805306368,318,46
787,318,1073741824,318,45
787,319,805306368,319,47
787,319,1073741824,319,46
787,320,805306368,320,47
787,320,1073741824,320,46
787,321,805306368,321,47
787,321,1073741824,321,46
787,322,805306368,322,47
787,322,1073741824,322,46
787,323,805306368,323,48
787,323,1073741824,323,47
787,324,805306368,324,48
787,324,1073741824,324,47
787,325,805306368,325,48
787,325,1073741824,325,47
787,326,805306368,326,48
787,326,1073741824,326,47
787,327,805306368,327,49
787,327,1073741824,327,48
787,328,805306368,328,49
787,328,1073741824,328,48
787,329,805306368,329,49
787,329,1073741824,329,48
787,330,805306368,330,50
787,330,1073741824,330,49
787,331,805306368,331,50
787,331,1073741824,331,49
787,332,805306368,332,51
787,332,1073741824,332,50
787,333,805306368,333,51
787,333,1073741824,333,50
787,334,805306368,334,52
787,334,1073741824,334,51
787,335,805306368,335,52
787,335,1073741824,335,51
787,336,805306368,336,53
787,336,1073741824,336,52
787,337,805306368,337,54
787,337,1073741824,337,53
787,338,805306368,338,54
787,338,1073741824,338,53
787,339,805306368,339,55
787,339,1073741824,339,54
787,340,805306368,340,56
787,340,1073741824,340,55
787,341,805306368,341,57
787,341,1073741824,341,56
787,342,805306368,342,58
787,342,1073741824,342,57
787,343,805306368,343,59
787,343,1073741824,343,58
787,344,805306368,344,60
787,344,1073741824,344,59
787,345,805306368,345,61
787,345,1073741824,345,60
787,346,805306368,346,62
787,346,1073741824,346,61
787,347,805306368,347,63
787,347,1073741824,347,62
787,348,805306368,348,64
787,348,1073741824,348,63
787,349,805306368,349,66
787,349,1073741824,349,65
787,350,805306368,350,67
787,350,1073741824,350,66
787,351,805306368,351,69
787,351,1073741824,351,68
787,352,805306368,352,71
787,352,1073741824,352,70
787,353,805306368,353,73
787,353,1073741824,353,72
787,354,805306368,354,76
787,354,1073741824,354,75
787,355,805306368,355,80
787,355,805306369,355,91
787,355,805306370,355,95
787,355,1073741824,355,94
787,355,1073741825,355,90
787,355,1073741826,355,79
787,356,805306368,356,97
787,356,1073741824,356,96
787,357,805306368,357,101
787,357,1073741824,357,100
787,358,805306368,358,104
787,358,1073741824,358,103
787,359,805306368,359,106
787,359,1073741824,359,105
787,360,805306368,360,110
787,360,1073741824,360,109
787,361,805306368,361,113
787,361,1073741824,361,112
787,362,805306368,362,114
787,362,1073741824,362,113
787,363,805306368,363,115
787,363,805306369,363,125
787,363,805306370,363,127
787,363,1073741824,363,126
787,363,1073741825,363,124
787,363,1073741826,363,114
787,364,805306368,364,116
787,364,805306369,364,124
787,364,805306370,364,132
787,364,1073741824,364,131
787,364,1073741825,364,123
787,364,1073741826,364,115
787,365,805306368,365,116
787,365,805306369,365,124
787,365,805306370,365,144
787,365,1073741824,365,143
787,365,1073741825,365,123
787,365,1073741826,365,115
787,366,805306368,366,117
787,366,805306369,366,123
787,366,805306370,366,157
787,366,1073741824,366,156
787,366,1073741825,366,122
787,366,1073741826,366,116
787,367,805306368,367,117
787,367,805306369,367,122
787,367,805306370,367,181
787,367,1073741824,367,180
787,367,1073741825,367,121
787,367,1073741826,367,116
787,368,805306368,368,117
787,368,805306369,368,121
787,368,805306370,368,196
787,368,1073741824,368,195
787,368,1073741825,368,120
787,368,1073741826,368,116
787,369,805306368,369,200
787,369,1073741824,369,199
787,370,805306368,370,204
787,370,1073741824,370,203
787,371,805306368,371,208
787,371,1073741824,371,207
787,372,805306368,372,211
787,372,1073741824,372,210
787,373,805306368,373,216
787,373,805306369,373,359
787,373,1073741824,373,358
787,373,1073741825,373,215
787,374,805306368,374,219
787,374,805306369,374,355
787,374,1073741824,374,354
787,374,1073741825,374,218
787,375,805306368,375,223
787,375,805306369,375,351
787,375,1073741824,375,350
787,375,1073741825,375,222
787,376,805306368,376,226
787,376,805306369,376,346
787,376,1073741824,376,345
787,376,1073741825,376,225
787,377,805306368,377,230
787,377,805306369,377,343
787,377,1073741824,377,342
787,377,1073741825,377,229
787,378,805306368,378,234
787,378,805306369,378,337
787,378,1073741824,378,336
787,378,1073741825,378,233
787,379,805306368,379,238
787,379,805306369,379,321
787,379,1073741824,379,320
787,379,1073741825,379,237
787,380,805306368,380,241
787,380,805306369,380,319
787,380,1073741824,380,318
787,380,1073741825,380,240
787,381,805306368,381,245
787,381,805306369,381,317
787,381,1073741824,381,316
787,381,1073741825,381,244
787,382,805306368,382,249
787,382,805306369,382,313
787,382,1073741824,382,312
787,382,1073741825,382,248
787,383,805306368,383,253
787,383,805306369,383,309
787,383,1073741824,383,308
787,383,1073741825,383,252
787,384,805306368,384,260
787,384,805306369,384,305
787,384,1073741824,384,304
787,384,1073741825,384,259
787,385,805306368,385,267
787,385,805306369,385,300
787,385,1073741824,385,299
787,385,1073741825,385,266
787,386,805306368,386,275
787,386,805306369,386,294
787,386,1073741824,386,293
787,386,1073741825,386,274
787,387,805306368,387,281
787,387,805306369,387,290
787,387,1073741824,387,289
787,387,1073741825,387,280
787,388,1879048192,388,0
787,388,2147483648,388,359
787,389,1879048192,389,0
787,389,2147483648,389,359
787,390,1879048192,390,0
787,390,2147483648,390,359
787,391,1879048192,391,0
787,391,2147483648,391,359
787,392,1879048192,392,0
787,392,2147483648,392,359
787,393,1879048192,393,0
787,393,2147483648,393,359
787,394,1879048192,394,0
787,394,2147483648,394,359
787,395,1879048192,395,0
787,395,2147483648,395,359
787,396,1879048192,396,0
787,396,2147483648,396,359
787,397,1879048192,397,0
787,397,2147483648,397,359
787,398,1879048192,398,0
787,398,2147483648,398,359
787,399,1879048192,399,0
787,399,2147483648,399,359
787,400,1879048192,400,0
787,400,2147483648,400,359
787,401,1879048192,401,0
787,401,2147483648,401,359
787,402,1879048192,402,0
787,402,2147483648,402,359
787,403,1879048192,403,0
787,403,2147483648,403,359
787,404,1879048192,404,0
787,404,2147483648,404,359
787,405,1879048192,405,0
787,405,2147483648,405,359
787,406,1879048192,406,0
787,406,2147483648,406,359
787,407,1879048192,407,0
787,407,2147483648,407,359
787,408,1879048192,408,0
787,408,2147483648,408,359
787,409,1879048192,409,0
787,409,2147483648,409,359
787,410,1879048192,410,0
787,410,2147483648,410,359
787,411,1879048192,411,0
787,411,2147483648,411,359
787,412,1879048192,412,0
787,412,2147483648,412,359
787,413,1879048192,413,0
787,413,2147483648,413,359
787,414,1879048192,414,0
787,414,2147483648,414,359
787,415,1879048192,415,0
787,415,2147483648,415,359
787,416,1879048192,416,0
787,416,2147483648,416,359
787,417,1879048192,417,0
787,417,2147483648,417,359
787,418,1879048192,418,0
787,418,2147483648,418,359
787,419,1879048192,419,0
787,419,2147483648,419,359
787,420,1879048192,420,0
787,420,2147483648,420,359
787,421,1879048192,421,0
787,421,2147483648,421,359
787,422,1879048192,422,0
787,422,2147483648,422,359
787,423,1879048192,423,0
787,423,2147483648,423,359
787,424,1879048192,424,0
787,424,2147483648,424,359
787,425,1879048192,425,0
787,425,2147483648,425,359
787,426,1879048192,426,0
787,426,2147483648,426,359
787,427,1879048192,427,0
787,427,2147483648,427,359
787,428,1879048192,428,0
787,428,2147483648,428,359
787,429,1879048192,429,0
787,429,2147483648,429,359
787,430,1879048192,430,0
787,430,2147483648,430,359
787,431,1879048192,431,0
787,431,2147483648,431,359
787,432,1879048192,432,0
787,432,2147483648,432,359
787,433,1879048192,433,0
787,433,2147483648,433,359
787,434,1879048192,434,0
787,434,2147483648,434,359
787,435,1879048192,435,0
787,435,2147483648,435,359
787,436,1879048192,436,0
787,436,2147483648,436,359
787,437,1879048192,437,0
787,437,2147483648,437,359
787,438,1879048192,438,0
787,438,2147483648,438,359
787,439,1879048192,439,0
787,439,2147483648,439,359
787,440,1879048192,440,0
787,440,2147483648,440,359
787,441,1879048192,441,0
787,441,2147483648,441,359
787,442,1879048192,442,0
787,442,2147483648,442,359
787,443,1879048192,443,0
787,443,2147483648,443,359
787,444,1879048192,444,0
787,444,2147483648,444,359
787,445,1879048192,445,0
787,445,2147483648,445,359
787,446,1879048192,446,0
787,446,2147483648,446,359
787,447,1879048192,447,0
787,447,2147483648,447,359
787,448,1879048192,448,0
787,448,2147483648,448,359
787,449,1879048192,449,0
787,449,2147483648,449,359
787,450,1879048192,450,0
787,450,2147483648,450,359
787,451,1879048192,451,0
787,451,2147483648,451,359
787,452,1879048192,452,0
787,452,2147483648,452,359
787,453,1879048192,453,0
787,453,2147483648,453,359
787,454,1879048192,454,0
787,454,2147483648,454,359
787,455,1879048192,455,0
787,455,2147483648,455,359
787,456,1879048192,456,0
787,456,2147483648,456,359
787,457,1879048192,457,0
787,457,2147483648,457,359
787,458,1879048192,458,0
787,458,2147483648,458,359
787,459,1879048192,459,0
787,459,2147483648,459,359
787,460,1879048192,460,0
787,460,2147483648,460,359
787,461,1879048192,461,0
787,461,2147483648,461,359
787,462,1879048192,462,0
787,462,2147483648,462,359
787,463,1879048192,463,0
787,463,2147483648,463,359
787,464,1879048192,464,0
787,464,2147483648,464,359
787,465,1879048192,465,0
787,465,2147483648,465,359
787,466,1879048192,466,0
787,466,2147483648,466,359
787,467,1879048192,467,0
787,467,2147483648,467,359
787,468,1879048192,468,0
787,468,2147483648,468,359
787,469,1879048192,469,0
787,469,2147483648,469,359
787,470,1879048192,470,0
787,470,2147483648,470,359
787,471,1879048192,471,0
787,471,2147483648,471,359
787,472,1879048192,472,0
787,472,2147483648,472,359
787,473,1879048192,473,0
787,473,2147483648,473,359
787,474,1879048192,474,0
787,474,2147483648,474,359
787,475,1879048192,475,0
787,475,2147483648,475,359
787,476,1879048192,476,0
787,476,2147483648,476,359
787,477,1879048192,477,0
787,477,2147483648,477,359
787,478,1879048192,478,0
787,478,2147483648,478,359
787,479,1879048192,479,0
787,479,2147483648,479,359
788,0,1342177280,0,0
788,479,1610612736,479,0
788,0,1342177280,0,1
788,479,1610612736,479,1
788,0,1342177280,0,2
788,479,1610612736,479,2
788,0,1342177280,0,3
788,479,1610612736,479,3
788,0,1342177280,0,4
788,479,1610612736,479,4
788,0,1342177280,0,5
788,479,1610612736,479,5
788,0,1342177280,0,6
788,479,1610612736,479,6
788,0,1342177280,0,7
788,479,1610612736,479,7
788,0,1342177280,0,8
788,479,1610612736,479,8
788,0,1342177280,0,9
788,479,1610612736,479,9
788,0,1342177280,0,10
788,479,1610612736,479,10
788,0,1342177280,0,11
788,479,1610612736,479,11
788,0,1342177280,0,12
788,479,1610612736,479,12
788,0,1342177280,0,13
788,479,1610612736,479,13
788,0,1342177280,0,14
788,479,1610612736,479,14
788,0,1342177280,0,15
788,479,1610612736,479,15
788,0,1342177280,0,16
788,479,1610612736,479,16
788,0,1342177280,0,17
788,479,1610612736,479,17
788,0,1342177280,0,18
788,479,1610612736,479,18
788,0,1342177280,0,19
788,479,1610612736,479,19
788,0,1342177280,0,20
788,479,1610612736,479,20
788,0,1342177280,0,21
788,479,1610612736,479,21
788,0,1342177280,0,22
788,479,1610612736,479,22
788,0,1342177280,0,23
788,479,1610612736,479,23
788,0,1342177280,0,24
788,479,1610612736,479,24
788,0,1342177280,0,25
788,479,1610612736,479,25
788,0,1342177280,0,26
788,479,1610612736,479,26
788,0,1342177280,0,27
788,479,1610612736,479,27
788,0,1342177280,0,28
788,479,1610612736,479,28
788,0,1342177280,0,29
788,479,1610612736,479,29
788,0,1342177280,0,30
788,479,1610612736,479,30
788,0,1342177280,0,31
788,479,1610612736,479,31
788,0,1342177280,0,32
788,479,1610612736,479,32
788,0,1342177280,0,33
788,479,1610612736,479,33
788,0,1342177280,0,34
788,479,1610612736,479,34
788,258,268435456,258,35
788,269,268435457,269,35
788,268,536870912,268,35
788,257,536870913,257,35
788,258,268435456,258,36
788,271,268435457,271,36
788,270,536870912,270,36
788,257,536870913,257,36
788,259,268435456,259,37
788,273,268435457,273,37
788,272,536870912,272,37
788,258,536870913,258,37
788,260,268435456,260,38
788,274,268435457,274,38
788,273,536870912,273,38
788,259,536870913,259,38
788,262,268435456,262,39
788,275,268435457,275,39
788,274,536870912,274,39
788,261,536870913,261,39
788,263,268435456,263,40
788,276,268435457,276,40
788,275,536870912,275,40
788,262,536870913,262,40
788,264,268435456,264,41
788,277,268435457,277,41
788,276,536870912,276,41
788,263,536870913,263,41
788,265,268435456,265,42
788,277,268435457,277,42
788,276,536870912,276,42
788,264,536870913,264,42
788,265,268435456,265,43
788,278,268435457,278,43
788,281,268435458,281,43
788,302,268435459,302,43
788,301,536870912,301,43
788,280,536870913,280,43
788,277,536870914,277,43
788,264,536870915,264,43
788,266,268435456,266,44
788,307,268435457,307,44
788,306,536870912,306,44
788,265,536870913,265,44
788,266,268435456,266,45
788,313,268435457,313,45
788,312,536870912,312,45
788,265,536870913,265,45
788,267,268435456,267,46
788,318,268435457,318,46
788,317,536870912,317,46
788,266,536870913,266,46
788,267,268435456,267,47
788,322,268435457,322,47
788,321,536870912,321,47
788,266,536870913,266,47
788,265,268435456,265,48
788,325,268435457,325,48
788,324,536870912,324,48
788,264,536870913,264,48
788,262,268435456,262,49
788,328,268435457,328,49
788,327,536870912,327,49
788,261,536870913,261,49
788,259,268435456,259,50
788,330,268435457,330,50
788,329,536870912,329,50
788,258,536870913,258,50
788,257,268435456,257,51
788,332,268435457,332,51
788,331,536870912,331,51
788,256,536870913,256,51
788,255,268435456,255,52
788,334,268435457,334,52
788,333,536870912,333,52
788,254,536870913,254,52
788,254,268435456,254,53
788,335,268435457,335,53
788,334,536870912,334,53
788,253,536870913,253,53
788,253,268435456,253,54
788,336,268435457,336,54
788,335,536870912,335,54
788,252,536870913,252,54
788,251,268435456,251,55
788,338,268435457,338,55
788,337,536870912,337,55
788,250,536870913,250,55
788,250,268435456,250,56
788,339,268435457,339,56
788,338,536870912,338,56
788,249,536870913,249,56
788,249,268435456,249,57
788,340,268435457,340,57
788,339,536870912,339,57
788,248,536870913,248,57
788,248,268435456,248,58
788,341,268435457,341,58
788,340,536870912,340,58
788,247,536870913,247,58
788,248,268435456,248,59
788,342,268435457,342,59
788,341,536870912,341,59
788,247,536870913,247,59
788,247,268435456,247,60
788,343,268435457,343,60
788,342,536870912,342,60
788,246,536870913,246,60
788,246,268435456,246,61
788,344,268435457,344,61
788,343,536870912,343,61
788,245,536870913,245,61
788,245,268435456,245,62
788,345,268435457,345,62
788,344,536870912,344,62
788,244,536870913,244,62
788,245,268435456,245,63
788,346,268435457,346,63
788,345,536870912,345,63
788,244,536870913,244,63
788,244,268435456,244,64
788,346,268435457,346,64
788,345,536870912,345,64
788,243,536870913,243,64
788,244,268435456,244,65
788,347,268435457,347,65
788,346,536870912,346,65
788,243,536870913,243,65
788,244,268435456,244,66
788,348,268435457,348,66
788,347,536870912,347,66
788,243,536870913,243,66
788,243,268435456,243,67
788,348,268435457,348,67
788,347,536870912,347,67
788,242,536870913,242,67
788,243,268435456,243,68
788,349,268435457,349,68
788,348,536870912,348,68
788,242,536870913,242,68
788,242,268435456,242,69
788,349,268435457,349,69
788,348,536870912,348,69
788,241,536870913,241,69
788,242,268435456,242,70
788,350,268435457,350,70
788,349,536870912,349,70
788,241,536870913,241,70
788,242,268435456,242,71
788,350,268435457,350,71
788,349,536870912,349,71
788,241,536870913,241,71
788,242,268435456,242,72
788,351,268435457,351,72
788,350,536870912,350,72
788,241,536870913,241,72
788,242,268435456,242,73
788,351,268435457,351,73
788,350,536870912,350,73
788,241,536870913,241,73
788,242,268435456,242,74
788,352,268435457,352,74
788,351,536870912,351,74
788,241,536870913,241,74
788,241,268435456,241,75
788,352,268435457,352,75
788,351,536870912,351,75
788,240,536870913,240,75
788,241,268435456,241,76
788,352,268435457,352,76
788,351,536870912,351,76
788,240,536870913,240,76
788,241,268435456,241,77
788,352,268435457,352,77
788,351,536870912,351,77
788,240,536870913,240,77
788,241,268435456,241,78
788,353,268435457,353,78
788,352,536870912,352,78
788,240,536870913,240,78
788,241,268435456,241,79
788,353,268435457,353,79
788,352,536870912,352,79
788,240,536870913,240,79
788,241,268435456,241,80
788,353,268435457,353,80
788,352,536870912,352,80
788,240,536870913,240,80
788,241,268435456,241,81
788,353,268435457,353,81
788,352,536870912,352,81
788,240,536870913,240,81
788,235,268435456,235,82
788,238,268435457,238,82
788,240,268435458,240,82
788,353,268435459,353,82
788,352,536870912,352,82
788,239,536870913,239,82
788,237,536870914,237,82
788,234,536870915,234,82
788,235,268435456,235,83
788,353,268435457,353,83
788,352,536870912,352,83
788,234,536870913,234,83
788,236,268435456,236,84
788,353,268435457,353,84
788,352,536870912,352,84
788,235,536870913,235,84
788,236,268435456,236,85
788,353,268435457,353,85
788,352,536870912,352,85
788,235,536870913,235,85
788,237,268435456,237,86
788,353,268435457,353,86
788,352,536870912,352,86
788,236,536870913,236,86
788,238,268435456,238,87
788,353,268435457,353,87
788,352,536870912,352,87
788,237,536870913,237,87
788,239,268435456,239,88
788,353,268435457,353,88
788,352,536870912,352,88
788,238,536870913,238,88
788,240,268435456,240,89
788,353,268435457,353,89
788,352,536870912,352,89
788,239,536870913,239,89
788,241,268435456,241,90
788,353,268435457,353,90
788,352,536870912,352,90
788,240,536870913,240,90
788,242,268435456,242,91
788,353,268435457,353,91
788,352,536870912,352,91
788,241,536870913,241,91
788,243,268435456,243,92
788,353,268435457,353,92
788,352,536870912,352,92
788,242,536870913,242,92
788,243,268435456,243,93
788,353,268435457,353,93
788,352,536870912,352,93
788,242,536870913,242,93
788,242,268435456,242,94
788,353,268435457,353,94
788,352,536870912,352,94
788,241,536870913,241,94
788,242,268435456,242,95
788,354,268435457,354,95
788,353,536870912,353,95
788,241,536870913,241,95
788,242,268435456,242,96
788,354,268435457,354,96
788,353,536870912,353,96
788,241,536870913,241,96
788,241,268435456,241,97
788,354,268435457,354,97
788,353,536870912,353,97
788,240,536870913,240,97
788,240,268435456,240,98
788,355,268435457,355,98
788,354,536870912,354,98
788,239,536870913,239,98
788,239,268435456,239,99
788,355,268435457,355,99
788,354,536870912,354,99
788,238,536870913,238,99
788,238,268435456,238,100
788,355,268435457,355,100
788,354,536870912,354,100
788,237,536870913,237,100
788,237,268435456,237,101
788,356,268435457,356,101
788,355,536870912,355,101
788,236,536870913,236,101
788,236,268435456,236,102
788,356,268435457,356,102
788,355,536870912,355,102
788,235,536870913,235,102
788,235,268435456,235,103
788,356,268435457,356,103
788,355,536870912,355,103
788,234,536870913,234,103
788,234,268435456,234,104
788,357,268435457,357,104
788,356,536870912,356,104
788,233,536870913,233,104
788,232,268435456,232,105
788,357,268435457,357,105
788,356,536870912,356,105
788,231,536870913,231,105
788,231,268435456,231,106
788,357,268435457,357,106
788,356,536870912,356,106
788,230,536870913,230,106
788,230,268435456,230,107
788,358,268435457,358,107
788,357,536870912,357,107
788,229,536870913,229,107
788,229,268435456,229,108
788,358,268435457,358,108
788,357,536870912,357,108
788,228,536870913,228,108
788,227,268435456,227,109
788,358,268435457,358,109
788,357,536870912,357,109
788,226,536870913,226,109
788,225,268435456,225,110
788,359,268435457,359,110
788,358,536870912,358,110
788,224,536870913,224,110
788,217,268435456,217,111
788,359,268435457,359,111
788,358,536870912,358,111
788,216,536870913,216,111
788,217,268435456,217,112
788,359,268435457,359,112
788,358,536870912,358,112
788,216,536870913,216,112
788,217,268435456,217,113
788,360,268435457,360,113
788,359,536870912,359,113
788,216,536870913,216,113
788,217,268435456,217,114
788,361,268435457,361,114
788,360,536870912,360,114
788,216,536870913,216,114
788,218,268435456,218,115
788,363,268435457,363,115
788,362,536870912,362,115
788,217,536870913,217,115
788,218,268435456,218,116
788,236,268435457,236,116
788,238,268435458,238,116
788,241,268435459,241,116
788,243,268435460,243,116
788,366,268435461,366,116
788,365,536870912,365,116
788,242,536870913,242,116
788,240,536870914,240,116
788,237,536870915,237,116
788,235,536870916,235,116
788,217,536870917,217,116
788,219,268435456,219,117
788,235,268435457,235,117
788,243,268435458,243,117
788,367,268435459,367,117
788,366,536870912,366,117
788,242,536870913,242,117
788,234,536870914,234,117
788,218,536870915,218,117
788,219,268435456,219,118
788,234,268435457,234,118
788,243,268435458,243,118
788,367,268435459,367,118
788,366,536870912,366,118
788,242,536870913,242,118
788,233,536870914,233,118
788,218,536870915,218,118
788,221,268435456,221,119
788,233,268435457,233,119
788,243,268435458,243,119
788,367,268435459,367,119
788,366,536870912,366,119
788,242,536870913,242,119
788,232,536870914,232,119
788,220,536870915,220,119
788,227,268435456,227,120
788,232,268435457,232,120
788,242,268435458,242,120
788,366,268435459,366,120
788,365,536870912,365,120
788,241,536870913,241,120
788,231,536870914,231,120
788,226,536870915,226,120
788,229,268435456,229,121
788,230,268435457,230,121
788,242,268435458,242,121
788,365,268435459,365,121
788,364,536870912,364,121
788,241,536870913,241,121
788,229,536870914,229,121
788,228,536870915,228,121
788,242,268435456,242,122
788,364,268435457,364,122
788,363,536870912,363,122
788,241,536870913,241,122
788,242,268435456,242,123
788,362,268435457,362,123
788,361,536870912,361,123
788,241,536870913,241,123
788,243,268435456,243,124
788,244,268435457,244,124
788,245,268435458,245,124
788,361,268435459,361,124
788,360,536870912,360,124
788,244,536870913,244,124
788,243,536870914,243,124
788,242,536870915,242,124
788,243,268435456,243,125
788,244,268435457,244,125
788,246,268435458,246,125
788,361,268435459,361,125
788,360,536870912,360,125
788,245,536870913,245,125
788,243,536870914,243,125
788,242,536870915,242,125
788,246,268435456,246,126
788,361,268435457,361,126
788,360,536870912,360,126
788,245,536870913,245,126
788,247,268435456,247,127
788,362,268435457,362,127
788,361,536870912,361,127
788,246,536870913,246,127
788,247,268435456,247,128
788,362,268435457,362,128
788,361,536870912,361,128
788,246,536870913,246,128
788,248,268435456,248,129
788,362,268435457,362,129
788,361,536870912,361,129
788,247,536870913,247,129
788,249,268435456,249,130
788,362,268435457,362,130
788,361,536870912,361,130
788,248,536870913,248,130
788,250,268435456,250,131
788,362,268435457,362,131
788,361,536870912,361,131
788,249,536870913,249,131
788,250,268435456,250,132
788,254,268435457,254,132
788,255,268435458,255,132
788,363,268435459,363,132
788,362,536870912,362,132
788,254,536870913,254,132
788,253,536870914,253,132
788,249,536870915,249,132
788,251,268435456,251,133
788,255,268435457,255,133
788,256,268435458,256,133
788,363,268435459,363,133
788,362,536870912,362,133
788,255,536870913,255,133
788,254,536870914,254,133
788,250,536870915,250,133
788,252,268435456,252,134
788,255,268435457,255,134
788,256,268435458,256,134
788,363,268435459,363,134
788,362,536870912,362,134
788,255,536870913,255,134
788,254,536870914,254,134
788,251,536870915,251,134
788,256,268435456,256,135
788,257,268435457,257,135
788,258,268435458,258,135
788,363,268435459,363,135
788,362,536870912,362,135
788,257,536870913,257,135
788,256,536870914,256,135
788,255,536870915,255,135
788,258,268435456,258,136
788,363,268435457,363,136
788,362,536870912,362,136
788,257,536870913,257,136
788,259,268435456,259,137
788,363,268435457,363,137
788,362,536870912,362,137
788,258,536870913,258,137
788,259,268435456,259,138
788,363,268435457,363,138
788,362,536870912,362,138
788,258,536870913,258,138
788,259,268435456,259,139
788,363,268435457,363,139
788,362,536870912,362,139
788,258,536870913,258,139
788,259,268435456,259,140
788,363,268435457,363,140
788,362,536870912,362,140
788,258,536870913,258,140
788,259,268435456,259,141
788,363,268435457,363,141
788,362,536870912,362,141
788,258,536870913,258,141
788,260,268435456,260,142
788,364,268435457,364,142
788,363,536870912,363,142
788,259,536870913,259,142
788,260,268435456,260,143
788,364,268435457,364,143
788,363,536870912,363,143
788,259,536870913,259,143
788,260,268435456,260,144
788,364,268435457,364,144
788,363,536870912,363,144
788,259,536870913,259,144
788,260,268435456,260,145
788,364,268435457,364,145
788,363,536870912,363,145
788,259,536870913,259,145
788,260,268435456,260,146
788,364,268435457,364,146
788,363,536870912,363,146
788,259,536870913,259,146
788,259,268435456,259,147
788,364,268435457,364,147
788,363,536870912,363,147
788,258,536870913,258,147
788,260,268435456,260,148
788,364,268435457,364,148
788,363,536870912,363,148
788,259,536870913,259,148
788,261,268435456,261,149
788,364,268435457,364,149
788,363,536870912,363,149
788,260,536870913,260,149
788,261,268435456,261,150
788,364,268435457,364,150
788,363,536870912,363,150
788,260,536870913,260,150
788,261,268435456,261,151
788,364,268435457,364,151
788,363,536870912,363,151
788,260,536870913,260,151
788,261,268435456,261,152
788,365,268435457,365,152
788,364,536870912,364,152
788,260,536870913,260,152
788,262,268435456,262,153
788,365,268435457,365,153
788,364,536870912,364,153
788,261,536870913,261,153
788,262,268435456,262,154
788,365,268435457,365,154
788,364,536870912,364,154
788,261,536870913,261,154
788,262,268435456,262,155
788,365,268435457,365,155
788,364,536870912,364,155
788,261,536870913,261,155
788,262,268435456,262,156
788,365,268435457,365,156
788,364,536870912,364,156
788,261,536870913,261,156
788,262,268435456,262,157
788,365,268435457,365,157
788,364,536870912,364,157
788,261,536870913,261,157
788,262,268435456,262,158
788,365,268435457,365,158
788,364,536870912,364,158
788,261,536870913,261,158
788,263,268435456,263,159
788,365,268435457,365,159
788,364,536870912,364,159
788,262,536870913,262,159
788,263,268435456,263,160
788,365,268435457,365,160
788,364,536870912,364,160
788,262,536870913,262,160
788,263,268435456,263,161
788,365,268435457,365,161
788,364,536870912,364,161
788,262,536870913,262,161
788,263,268435456,263,162
788,365,268435457,365,162
788,364,536870912,364,162
788,262,536870913,262,162
788,263,268435456,263,163
788,365,268435457,365,163
788,364,536870912,364,163
788,262,536870913,262,163
788,263,268435456,263,164
788,365,268435457,365,164
788,364,536870912,364,164
788,262,536870913,262,164
788,263,268435456,263,165
788,365,268435457,365,165
788,364,536870912,364,165
788,262,536870913,262,165
788,263,268435456,263,166
788,366,268435457,366,166
788,365,536870912,365,166
788,262,536870913,262,166
788,264,268435456,264,167
788,366,268435457,366,167
788,365,536870912,365,167
788,263,536870913,263,167
788,264,268435456,264,168
788,366,268435457,366,168
788,365,536870912,365,168
788,263,536870913,263,168
788,264,268435456,264,169
788,366,268435457,366,169
788,365,536870912,365,169
788,263,536870913,263,169
788,264,268435456,264,170
788,366,268435457,366,170
788,365,536870912,365,170
788,263,536870913,263,170
788,264,268435456,264,171
788,366,268435457,366,171
788,365,536870912,365,171
788,263,536870913,263,171
788,264,268435456,264,172
788,366,268435457,366,172
788,365,536870912,365,172
788,263,536870913,263,172
788,264,268435456,264,173
788,366,268435457,366,173
788,365,536870912,365,173
788,263,536870913,263,173
788,264,268435456,264,174
788,366,268435457,366,174
788,365,536870912,365,174
788,263,536870913,263,174
788,264,268435456,264,175
788,366,268435457,366,175
788,365,536870912,365,175
788,263,536870913,263,175
788,264,268435456,264,176
788,366,268435457,366,176
788,365,536870912,365,176
788,263,536870913,263,176
788,264,268435456,264,177
788,366,268435457,366,177
788,365,536870912,365,177
788,263,536870913,263,177
788,264,268435456,264,178
788,366,268435457,366,178
788,365,536870912,365,178
788,263,536870913,263,178
788,264,268435456,264,179
788,366,268435457,366,179
788,365,536870912,365,179
788,263,536870913,263,179
788,264,268435456,264,180
788,366,268435457,366,180
788,365,536870912,365,180
788,263,536870913,263,180
788,264,268435456,264,181
788,366,268435457,366,181
788,365,536870912,365,181
788,263,536870913,263,181
788,264,268435456,264,182
788,367,268435457,367,182
788,366,536870912,366,182
788,263,536870913,263,182
788,264,268435456,264,183
788,367,268435457,367,183
788,366,536870912,366,183
788,263,536870913,263,183
788,264,268435456,264,184
788,367,268435457,367,184
788,366,536870912,366,184
788,263,536870913,263,184
788,264,268435456,264,185
788,367,268435457,367,185
788,366,536870912,366,185
788,263,536870913,263,185
788,263,268435456,263,186
788,367,268435457,367,186
788,366,536870912,366,186
788,262,536870913,262,186
788,262,268435456,262,187
788,367,268435457,367,187
788,366,536870912,366,187
788,261,536870913,261,187
788,261,268435456,261,188
788,367,268435457,367,188
788,366,536870912,366,188
788,260,536870913,260,188
788,261,268435456,261,189
788,367,268435457,367,189
788,366,536870912,366,189
788,260,536870913,260,189
788,260,268435456,260,190
788,367,268435457,367,190
788,366,536870912,366,190
788,259,536870913,259,190
788,259,268435456,259,191
788,367,268435457,367,191
788,366,536870912,366,191
788,258,536870913,258,191
788,259,268435456,259,192
788,367,268435457,367,192
788,366,536870912,366,192
788,258,536870913,258,192
788,258,268435456,258,193
788,368,268435457,368,193
788,367,536870912,367,193
788,257,536870913,257,193
788,257,268435456,257,194
788,368,268435457,368,194
788,367,536870912,367,194
788,256,536870913,256,194
788,257,268435456,257,195
788,368,268435457,368,195
788,367,536870912,367,195
788,256,536870913,256,195
788,256,268435456,256,196
788,368,268435457,368,196
788,367,536870912,367,196
788,255,536870913,255,196
788,256,268435456,256,197
788,369,268435457,369,197
788,368,536870912,368,197
788,255,536870913,255,197
788,255,268435456,255,198
788,258,268435457,258,198
788,260,268435458,260,198
788,369,268435459,369,198
788,368,536870912,368,198
788,259,536870913,259,198
788,257,536870914,257,198
788,254,536870915,254,198
788,255,268435456,255,199
788,256,268435457,256,199
788,259,268435458,259,199
788,369,268435459,369,199
788,368,536870912,368,199
788,258,536870913,258,199
788,255,536870914,255,199
788,254,536870915,254,199
788,258,268435456,258,200
788,369,268435457,369,200
788,368,536870912,368,200
788,257,536870913,257,200
788,258,268435456,258,201
788,370,268435457,370,201
788,369,536870912,369,201
788,257,536870913,257,201
788,257,268435456,257,202
788,370,268435457,370,202
788,369,536870912,369,202
788,256,536870913,256,202
788,257,268435456,257,203
788,370,268435457,370,203
788,369,536870912,369,203
788,256,536870913,256,203
788,256,268435456,256,204
788,371,268435457,371,204
788,370,536870912,370,204
788,255,536870913,255,204
788,256,268435456,256,205
788,371,268435457,371,205
788,370,536870912,370,205
788,255,536870913,255,205
788,255,268435456,255,206
788,371,268435457,371,206
788,370,536870912,370,206
788,254,536870913,254,206
788,255,268435456,255,207
788,371,268435457,371,207
788,370,536870912,370,207
788,254,536870913,254,207
788,255,268435456,255,208
788,372,268435457,372,208
788,371,536870912,371,208
788,254,536870913,254,208
788,254,268435456,254,209
788,372,268435457,372,209
788,371,536870912,371,209
788,253,536870913,253,209
788,254,268435456,254,210
788,372,268435457,372,210
788,371,536870912,371,210
788,253,536870913,253,210
788,253,268435456,253,211
788,373,268435457,373,211
788,372,536870912,372,211
788,252,536870913,252,211
788,253,268435456,253,212
788,373,268435457,373,212
788,372,536870912,372,212
788,252,536870913,252,212
788,252,268435456,252,213
788,373,268435457,373,213
788,372,536870912,372,213
788,251,536870913,251,213
788,252,268435456,252,214
788,374,268435457,374,214
788,373,536870912,373,214
788,251,536870913,251,214
788,252,268435456,252,215
788,374,268435457,374,215
788,373,536870912,373,215
788,251,536870913,251,215
788,251,268435456,251,216
788,374,268435457,374,216
788,373,536870912,373,216
788,250,536870913,250,216
788,250,268435456,250,217
788,374,268435457,374,217
788,373,536870912,373,217
788,249,536870913,249,217
788,249,268435456,249,218
788,375,268435457,375,218
788,374,536870912,374,218
788,248,536870913,248,218
788,248,268435456,248,219
788,375,268435457,375,219
788,374,536870912,374,219
788,247,536870913,247,219
788,248,268435456,248,220
788,375,268435457,375,220
788,374,536870912,374,220
788,247,536870913,247,220
788,247,268435456,247,221
788,376,268435457,376,221
788,375,536870912,375,221
788,246,536870913,246,221
788,246,268435456,246,222
788,376,268435457,376,222
788,375,536870912,375,222
788,245,536870913,245,222
788,245,268435456,245,223
788,376,268435457,376,223
788,375,536870912,375,223
788,244,536870913,244,223
788,244,268435456,244,224
788,377,268435457,377,224
788,376,536870912,376,224
788,243,536870913,243,224
788,243,268435456,243,225
788,377,268435457,377,225
788,376,536870912,376,225
788,242,536870913,242,225
788,243,268435456,243,226
788,377,268435457,377,226
788,376,536870912,376,226
788,242,536870913,242,226
788,242,268435456,242,227
788,378,268435457,378,227
788,377,536870912,377,227
788,241,536870913,241,227
788,242,268435456,242,228
788,378,268435457,378,228
788,377,536870912,377,228
788,241,536870913,241,228
788,241,268435456,241,229
788,378,268435457,378,229
788,377,536870912,377,229
788,240,536870913,240,229
788,240,268435456,240,230
788,378,268435457,378,230
788,377,536870912,377,230
788,239,536870913,239,230
788,240,268435456,240,231
788,379,268435457,379,231
788,378,536870912,378,231
788,239,536870913,239,231
788,239,268435456,239,232
788,379,268435457,379,232
788,378,536870912,378,232
788,238,536870913,238,232
788,239,268435456,239,233
788,379,268435457,379,233
788,378,536870912,378,233
788,238,536870913,238,233
788,238,268435456,238,234
788,380,268435457,380,234
788,379,536870912,379,234
788,237,536870913,237,234
788,238,268435456,238,235
788,380,268435457,380,235
788,379,536870912,379,235
788,237,536870913,237,235
788,237,268435456,237,236
788,380,268435457,380,236
788,379,536870912,379,236
788,236,536870913,236,236
