Frame,Part of frame,Layer,X,Y
833,198,268435456,198,342
833,477,268435457,477,342
833,476,536870912,476,342
833,197,536870913,197,342
833,197,268435456,197,343
833,477,268435457,477,343
833,476,536870912,476,343
833,196,536870913,196,343
833,197,268435456,197,344
833,478,268435457,478,344
833,477,536870912,477,344
833,196,536870913,196,344
833,197,268435456,197,345
833,478,268435457,478,345
833,477,536870912,477,345
833,196,536870913,196,345
833,196,268435456,196,346
833,478,268435457,478,346
833,477,536870912,477,346
833,195,536870913,195,346
833,196,268435456,196,347
833,478,268435457,478,347
833,477,536870912,477,347
833,195,536870913,195,347
833,196,268435456,196,348
833,479,268435457,479,348
833,478,536870912,478,348
833,195,536870913,195,348
833,196,268435456,196,349
833,479,268435457,479,349
833,478,536870912,478,349
833,195,536870913,195,349
833,195,268435456,195,350
833,479,268435457,479,350
833,478,536870912,478,350
833,194,536870913,194,350
833,195,268435456,195,351
833,479,268435457,479,351
833,478,536870912,478,351
833,194,536870913,194,351
833,195,268435456,195,352
833,194,536870912,194,352
833,195,268435456,195,353
833,194,536870912,194,353
833,194,268435456,194,354
833,193,536870912,193,354
833,194,268435456,194,355
833,193,536870912,193,355
833,194,268435456,194,356
833,193,536870912,193,356
833,193,268435456,193,357
833,192,536870912,192,357
833,193,268435456,193,358
833,192,536870912,192,358
833,193,268435456,193,359
833,192,536870912,192,359
833,0,1879048192,0,0
833,0,2147483648,0,359
833,1,1879048192,1,0
833,1,2147483648,1,359
833,2,1879048192,2,0
833,2,2147483648,2,359
833,3,1879048192,3,0
833,3,2147483648,3,359
833,4,1879048192,4,0
833,4,2147483648,4,359
833,5,1879048192,5,0
833,5,2147483648,5,359
833,6,1879048192,6,0
833,6,2147483648,6,359
833,7,1879048192,7,0
833,7,2147483648,7,359
833,8,1879048192,8,0
833,8,2147483648,8,359
833,9,1879048192,9,0
833,9,2147483648,9,359
833,10,1879048192,10,0
833,10,2147483648,10,359
833,11,1879048192,11,0
833,11,2147483648,11,359
833,12,1879048192,12,0
833,12,2147483648,12,359
833,13,1879048192,13,0
833,13,2147483648,13,359
833,14,1879048192,14,0
833,14,2147483648,14,359
833,15,1879048192,15,0
833,15,2147483648,15,359
833,16,1879048192,16,0
833,16,2147483648,16,359
833,17,1879048192,17,0
833,17,2147483648,17,359
833,18,1879048192,18,0
833,18,2147483648,18,359
833,19,1879048192,19,0
833,19,2147483648,19,359
833,20,1879048192,20,0
833,20,2147483648,20,359
833,21,1879048192,21,0
833,21,2147483648,21,359
833,22,1879048192,22,0
833,22,2147483648,22,359
833,23,1879048192,23,0
833,23,2147483648,23,359
833,24,1879048192,24,0
833,24,2147483648,24,359
833,25,1879048192,25,0
833,25,2147483648,25,359
833,26,1879048192,26,0
833,26,2147483648,26,359
833,27,1879048192,27,0
833,27,2147483648,27,359
833,28,1879048192,28,0
833,28,2147483648,28,359
833,29,1879048192,29,0
833,29,2147483648,29,359
833,30,1879048192,30,0
833,30,2147483648,30,359
833,31,1879048192,31,0
833,31,2147483648,31,359
833,32,1879048192,32,0
833,32,2147483648,32,359
833,33,1879048192,33,0
833,33,2147483648,33,359
833,34,1879048192,34,0
833,34,2147483648,34,359
833,35,1879048192,35,0
833,35,2147483648,35,359
833,36,1879048192,36,0
833,36,2147483648,36,359
833,37,1879048192,37,0
833,37,2147483648,37,359
833,38,1879048192,38,0
833,38,2147483648,38,359
833,39,1879048192,39,0
833,39,2147483648,39,359
833,40,1879048192,40,0
833,40,2147483648,40,359
833,41,1879048192,41,0
833,41,2147483648,41,359
833,42,1879048192,42,0
833,42,2147483648,42,359
833,43,1879048192,43,0
833,43,2147483648,43,359
833,44,1879048192,44,0
833,44,2147483648,44,359
833,45,1879048192,45,0
833,45,2147483648,45,359
833,46,1879048192,46,0
833,46,2147483648,46,359
833,47,1879048192,47,0
833,47,2147483648,47,359
833,48,1879048192,48,0
833,48,2147483648,48,359
833,49,1879048192,49,0
833,49,2147483648,49,359
833,50,1879048192,50,0
833,50,2147483648,50,359
833,51,1879048192,51,0
833,51,2147483648,51,359
833,52,1879048192,52,0
833,52,2147483648,52,359
833,53,1879048192,53,0
833,53,2147483648,53,359
833,54,1879048192,54,0
833,54,2147483648,54,359
833,55,1879048192,55,0
833,55,2147483648,55,359
833,56,1879048192,56,0
833,56,2147483648,56,359
833,57,1879048192,57,0
833,57,2147483648,57,359
833,58,1879048192,58,0
833,58,2147483648,58,359
833,59,1879048192,59,0
833,59,2147483648,59,359
833,60,1879048192,60,0
833,60,2147483648,60,359
833,61,1879048192,61,0
833,61,2147483648,61,359
833,62,1879048192,62,0
833,62,2147483648,62,359
833,63,1879048192,63,0
833,63,2147483648,63,359
833,64,1879048192,64,0
833,64,2147483648,64,359
833,65,1879048192,65,0
833,65,2147483648,65,359
833,66,1879048192,66,0
833,66,2147483648,66,359
833,67,1879048192,67,0
833,67,2147483648,67,359
833,68,1879048192,68,0
833,68,2147483648,68,359
833,69,1879048192,69,0
833,69,2147483648,69,359
833,70,1879048192,70,0
833,70,2147483648,70,359
833,71,1879048192,71,0
833,71,2147483648,71,359
833,72,1879048192,72,0
833,72,2147483648,72,359
833,73,1879048192,73,0
833,73,2147483648,73,359
833,74,1879048192,74,0
833,74,2147483648,74,359
833,75,1879048192,75,0
833,75,2147483648,75,359
833,76,1879048192,76,0
833,76,2147483648,76,359
833,77,1879048192,77,0
833,77,2147483648,77,359
833,78,1879048192,78,0
833,78,2147483648,78,359
833,79,1879048192,79,0
833,79,2147483648,79,359
833,80,1879048192,80,0
833,80,2147483648,80,359
833,81,1879048192,81,0
833,81,2147483648,81,359
833,82,1879048192,82,0
833,82,2147483648,82,359
833,83,1879048192,83,0
833,83,2147483648,83,359
833,84,1879048192,84,0
833,84,2147483648,84,359
833,85,1879048192,85,0
833,85,2147483648,85,359
833,86,1879048192,86,0
833,86,2147483648,86,359
833,87,1879048192,87,0
833,87,2147483648,87,359
833,88,1879048192,88,0
833,88,2147483648,88,359
833,89,1879048192,89,0
833,89,2147483648,89,359
833,90,1879048192,90,0
833,90,2147483648,90,359
833,91,1879048192,91,0
833,91,2147483648,91,359
833,92,1879048192,92,0
833,92,2147483648,92,359
833,93,1879048192,93,0
833,93,2147483648,93,359
833,94,1879048192,94,0
833,94,2147483648,94,359
833,95,1879048192,95,0
833,95,2147483648,95,359
833,96,1879048192,96,0
833,96,2147483648,96,359
833,97,1879048192,97,0
833,97,2147483648,97,359
833,98,1879048192,98,0
833,98,2147483648,98,359
833,99,1879048192,99,0
833,99,2147483648,99,359
833,100,1879048192,100,0
833,100,2147483648,100,359
833,101,1879048192,101,0
833,101,2147483648,101,359
833,102,1879048192,102,0
833,102,2147483648,102,359
833,103,1879048192,103,0
833,103,2147483648,103,359
833,104,1879048192,104,0
833,104,2147483648,104,359
833,105,1879048192,105,0
833,105,2147483648,105,359
833,106,1879048192,106,0
833,106,2147483648,106,359
833,107,1879048192,107,0
833,107,2147483648,107,359
833,108,1879048192,108,0
833,108,2147483648,108,359
833,109,1879048192,109,0
833,109,2147483648,109,359
833,110,1879048192,110,0
833,110,2147483648,110,359
833,111,1879048192,111,0
833,111,2147483648,111,359
833,112,1879048192,112,0
833,112,2147483648,112,359
833,113,1879048192,113,0
833,113,2147483648,113,359
833,114,1879048192,114,0
833,114,2147483648,114,359
833,115,1879048192,115,0
833,115,2147483648,115,359
833,116,1879048192,116,0
833,116,2147483648,116,359
833,117,1879048192,117,0
833,117,2147483648,117,359
833,118,1879048192,118,0
833,118,2147483648,118,359
833,119,1879048192,119,0
833,119,2147483648,119,359
833,120,1879048192,120,0
833,120,2147483648,120,359
833,121,1879048192,121,0
833,121,2147483648,121,359
833,122,1879048192,122,0
833,122,2147483648,122,359
833,123,1879048192,123,0
833,123,2147483648,123,359
833,124,1879048192,124,0
833,124,2147483648,124,359
833,125,1879048192,125,0
833,125,2147483648,125,359
833,126,1879048192,126,0
833,126,2147483648,126,359
833,127,805306368,127,231
833,127,805306369,127,232
833,127,1073741824,127,231
833,127,1073741825,127,230
833,128,805306368,128,223
833,128,805306369,128,234
833,128,1073741824,128,233
833,128,1073741825,128,222
833,129,805306368,129,219
833,129,805306369,129,235
833,129,1073741824,129,234
833,129,1073741825,129,218
833,130,805306368,130,217
833,130,805306369,130,236
833,130,1073741824,130,235
833,130,1073741825,130,216
833,131,805306368,131,216
833,131,805306369,131,237
833,131,1073741824,131,236
833,131,1073741825,131,215
833,132,805306368,132,214
833,132,805306369,132,237
833,132,1073741824,132,236
833,132,1073741825,132,213
833,133,805306368,133,210
833,133,805306369,133,237
833,133,1073741824,133,236
833,133,1073741825,133,209
833,134,805306368,134,208
833,134,805306369,134,237
833,134,1073741824,134,236
833,134,1073741825,134,207
833,135,805306368,135,207
833,135,805306369,135,237
833,135,1073741824,135,236
833,135,1073741825,135,206
833,136,805306368,136,206
833,136,805306369,136,237
833,136,1073741824,136,236
833,136,1073741825,136,205
833,137,805306368,137,205
833,137,805306369,137,236
833,137,1073741824,137,235
833,137,1073741825,137,204
833,138,805306368,138,205
833,138,805306369,138,237
833,138,1073741824,138,236
833,138,1073741825,138,204
833,139,805306368,139,204
833,139,805306369,139,239
833,139,1073741824,139,238
833,139,1073741825,139,203
833,140,805306368,140,204
833,140,805306369,140,242
833,140,1073741824,140,241
833,140,1073741825,140,203
833,141,805306368,141,203
833,141,805306369,141,244
833,141,1073741824,141,243
833,141,1073741825,141,202
833,142,805306368,142,203
833,142,805306369,142,246
833,142,1073741824,142,245
833,142,1073741825,142,202
833,143,805306368,143,200
833,143,805306369,143,248
833,143,1073741824,143,247
833,143,1073741825,143,199
833,144,805306368,144,196
833,144,805306369,144,250
833,144,1073741824,144,249
833,144,1073741825,144,195
833,145,805306368,145,195
833,145,805306369,145,252
833,145,1073741824,145,251
833,145,1073741825,145,194
833,146,805306368,146,194
833,146,805306369,146,254
833,146,1073741824,146,253
833,146,1073741825,146,193
833,147,805306368,147,193
833,147,805306369,147,256
833,147,1073741824,147,255
833,147,1073741825,147,192
833,148,805306368,148,193
833,148,805306369,148,258
833,148,1073741824,148,257
833,148,1073741825,148,192
833,149,805306368,149,192
833,149,805306369,149,260
833,149,1073741824,149,259
833,149,1073741825,149,191
833,150,805306368,150,192
833,150,805306369,150,261
833,150,1073741824,150,260
833,150,1073741825,150,191
833,151,805306368,151,145
833,151,805306369,151,151
833,151,805306370,151,192
833,151,805306371,151,263
833,151,1073741824,151,262
833,151,1073741825,151,191
833,151,1073741826,151,150
833,151,1073741827,151,144
833,152,805306368,152,143
833,152,805306369,152,156
833,152,805306370,152,191
833,152,805306371,152,265
833,152,1073741824,152,264
833,152,1073741825,152,190
833,152,1073741826,152,155
833,152,1073741827,152,142
833,153,805306368,153,143
833,153,805306369,153,158
833,153,805306370,153,191
833,153,805306371,153,267
833,153,1073741824,153,266
833,153,1073741825,153,190
833,153,1073741826,153,157
833,153,1073741827,153,142
833,154,805306368,154,142
833,154,805306369,154,161
833,154,805306370,154,191
833,154,805306371,154,268
833,154,1073741824,154,267
833,154,1073741825,154,190
833,154,1073741826,154,160
833,154,1073741827,154,141
833,155,805306368,155,143
833,155,805306369,155,163
833,155,805306370,155,191
833,155,805306371,155,270
833,155,1073741824,155,269
833,155,1073741825,155,190
833,155,1073741826,155,162
833,155,1073741827,155,142
833,156,805306368,156,143
833,156,805306369,156,166
833,156,805306370,156,191
833,156,805306371,156,271
833,156,1073741824,156,270
833,156,1073741825,156,190
833,156,1073741826,156,165
833,156,1073741827,156,142
833,157,805306368,157,143
833,157,805306369,157,168
833,157,805306370,157,192
833,157,805306371,157,273
833,157,1073741824,157,272
833,157,1073741825,157,191
833,157,1073741826,157,167
833,157,1073741827,157,142
833,158,805306368,158,144
833,158,805306369,158,171
833,158,805306370,158,192
833,158,805306371,158,274
833,158,1073741824,158,273
833,158,1073741825,158,191
833,158,1073741826,158,170
833,158,1073741827,158,143
833,159,805306368,159,144
833,159,805306369,159,174
833,159,805306370,159,192
833,159,805306371,159,276
833,159,1073741824,159,275
833,159,1073741825,159,191
833,159,1073741826,159,173
833,159,1073741827,159,143
833,160,805306368,160,143
833,160,805306369,160,176
833,160,805306370,160,193
833,160,805306371,160,277
833,160,1073741824,160,276
833,160,1073741825,160,192
833,160,1073741826,160,175
833,160,1073741827,160,142
833,161,805306368,161,143
833,161,805306369,161,179
833,161,805306370,161,193
833,161,805306371,161,278
833,161,1073741824,161,277
833,161,1073741825,161,192
833,161,1073741826,161,178
833,161,1073741827,161,142
833,162,805306368,162,144
833,162,805306369,162,182
833,162,805306370,162,193
833,162,805306371,162,280
833,162,1073741824,162,279
833,162,1073741825,162,192
833,162,1073741826,162,181
833,162,1073741827,162,143
833,163,805306368,163,144
833,163,805306369,163,186
833,163,805306370,163,194
833,163,805306371,163,281
833,163,1073741824,163,280
833,163,1073741825,163,193
833,163,1073741826,163,185
833,163,1073741827,163,143
833,164,805306368,164,144
833,164,805306369,164,189
833,164,805306370,164,194
833,164,805306371,164,282
833,164,1073741824,164,281
833,164,1073741825,164,193
833,164,1073741826,164,188
833,164,1073741827,164,143
833,165,805306368,165,146
833,165,805306369,165,284
833,165,1073741824,165,283
833,165,1073741825,165,145
833,166,805306368,166,148
833,166,805306369,166,285
833,166,1073741824,166,284
833,166,1073741825,166,147
833,167,805306368,167,150
833,167,805306369,167,286
833,167,1073741824,167,285
833,167,1073741825,167,149
833,168,805306368,168,154
833,168,805306369,168,287
833,168,1073741824,168,286
833,168,1073741825,168,153
833,169,805306368,169,157
833,169,805306369,169,288
833,169,1073741824,169,287
833,169,1073741825,169,156
833,170,805306368,170,160
833,170,805306369,170,290
833,170,1073741824,170,289
833,170,1073741825,170,159
833,171,805306368,171,162
833,171,805306369,171,291
833,171,1073741824,171,290
833,171,1073741825,171,161
833,172,805306368,172,165
833,172,805306369,172,292
833,172,1073741824,172,291
833,172,1073741825,172,164
833,173,805306368,173,167
833,173,805306369,173,293
833,173,1073741824,173,292
833,173,1073741825,173,166
833,174,805306368,174,170
833,174,805306369,174,295
833,174,1073741824,174,294
833,174,1073741825,174,169
833,175,805306368,175,172
833,175,805306369,175,296
833,175,1073741824,175,295
833,175,1073741825,175,171
833,176,805306368,176,175
833,176,805306369,176,297
833,176,1073741824,176,296
833,176,1073741825,176,174
833,177,805306368,177,177
833,177,805306369,177,299
833,177,1073741824,177,298
833,177,1073741825,177,176
833,178,805306368,178,180
833,178,805306369,178,300
833,178,1073741824,178,299
833,178,1073741825,178,179
833,179,805306368,179,182
833,179,805306369,179,301
833,179,1073741824,179,300
833,179,1073741825,179,181
833,180,805306368,180,184
833,180,805306369,180,303
833,180,1073741824,180,302
833,180,1073741825,180,183
833,181,805306368,181,186
833,181,805306369,181,304
833,181,1073741824,181,303
833,181,1073741825,181,185
833,182,805306368,182,188
833,182,805306369,182,305
833,182,1073741824,182,304
833,182,1073741825,182,187
833,183,805306368,183,191
833,183,805306369,183,307
833,183,1073741824,183,306
833,183,1073741825,183,190
833,184,805306368,184,193
833,184,805306369,184,308
833,184,1073741824,184,307
833,184,1073741825,184,192
833,185,805306368,185,194
833,185,805306369,185,309
833,185,1073741824,185,308
833,185,1073741825,185,193
833,186,805306368,186,195
833,186,805306369,186,311
833,186,1073741824,186,310
833,186,1073741825,186,194
833,187,805306368,187,195
833,187,805306369,187,312
833,187,1073741824,187,311
833,187,1073741825,187,194
833,188,805306368,188,196
833,188,805306369,188,314
833,188,1073741824,188,313
833,188,1073741825,188,195
833,189,805306368,189,197
833,189,805306369,189,315
833,189,1073741824,189,314
833,189,1073741825,189,196
833,190,805306368,190,199
833,190,805306369,190,317
833,190,1073741824,190,316
833,190,1073741825,190,198
833,191,805306368,191,202
833,191,805306369,191,318
833,191,1073741824,191,317
833,191,1073741825,191,201
833,192,805306368,192,205
833,192,805306369,192,320
833,192,1073741824,192,319
833,192,1073741825,192,204
833,193,805306368,193,208
833,193,805306369,193,321
833,193,805306370,193,357
833,193,1073741824,193,356
833,193,1073741825,193,320
833,193,1073741826,193,207
833,194,805306368,194,212
833,194,805306369,194,322
833,194,805306370,194,354
833,194,1073741824,194,353
833,194,1073741825,194,321
833,194,1073741826,194,211
833,195,805306368,195,215
833,195,805306369,195,324
833,195,805306370,195,350
833,195,1073741824,195,349
833,195,1073741825,195,323
833,195,1073741826,195,214
833,196,805306368,196,219
833,196,805306369,196,243
833,196,805306370,196,247
833,196,805306371,196,325
833,196,805306372,196,346
833,196,1073741824,196,345
833,196,1073741825,196,324
833,196,1073741826,196,246
833,196,1073741827,196,242
833,196,1073741828,196,218
833,197,805306368,197,224
833,197,805306369,197,237
833,197,805306370,197,249
833,197,805306371,197,327
833,197,805306372,197,343
833,197,1073741824,197,342
833,197,1073741825,197,326
833,197,1073741826,197,248
833,197,1073741827,197,236
833,197,1073741828,197,223
833,198,805306368,198,250
833,198,805306369,198,328
833,198,805306370,198,340
833,198,1073741824,198,339
833,198,1073741825,198,327
833,198,1073741826,198,249
833,199,805306368,199,251
833,199,805306369,199,330
833,199,805306370,199,337
833,199,1073741824,199,336
833,199,1073741825,199,329
833,199,1073741826,199,250
833,200,805306368,200,252
833,200,805306369,200,331
833,200,805306370,200,334
833,200,1073741824,200,333
833,200,1073741825,200,330
833,200,1073741826,200,251
833,201,805306368,201,253
833,201,1073741824,201,252
833,202,805306368,202,254
833,202,1073741824,202,253
833,203,805306368,203,255
833,203,1073741824,203,254
833,204,805306368,204,257
833,204,1073741824,204,256
833,205,805306368,205,258
833,205,1073741824,205,257
833,206,805306368,206,259
833,206,1073741824,206,258
833,207,805306368,207,261
833,207,1073741824,207,260
833,208,805306368,208,262
833,208,1073741824,208,261
833,209,805306368,209,263
833,209,1073741824,209,262
833,210,805306368,210,265
833,210,1073741824,210,264
833,211,805306368,211,266
833,211,1073741824,211,265
833,212,805306368,212,267
833,212,1073741824,212,266
833,213,805306368,213,269
833,213,1073741824,213,268
833,214,805306368,214,270
833,214,1073741824,214,269
833,215,805306368,215,271
833,215,1073741824,215,270
833,216,805306368,216,273
833,216,1073741824,216,272
833,217,805306368,217,274
833,217,1073741824,217,273
833,218,805306368,218,275
833,218,1073741824,218,274
833,219,805306368,219,277
833,219,1073741824,219,276
833,220,805306368,220,278
833,220,1073741824,220,277
833,221,805306368,221,279
833,221,1073741824,221,278
833,222,805306368,222,280
833,222,1073741824,222,279
833,223,805306368,223,101
833,223,805306369,223,113
833,223,805306370,223,282
833,223,1073741824,223,281
833,223,1073741825,223,112
833,223,1073741826,223,100
833,224,805306368,224,98
833,224,805306369,224,114
833,224,805306370,224,283
833,224,1073741824,224,282
833,224,1073741825,224,113
833,224,1073741826,224,97
833,225,805306368,225,95
833,225,805306369,225,115
833,225,805306370,225,285
833,225,1073741824,225,284
833,225,1073741825,225,114
833,225,1073741826,225,94
833,226,805306368,226,93
833,226,805306369,226,115
833,226,805306370,226,286
833,226,1073741824,226,285
833,226,1073741825,226,114
833,226,1073741826,226,92
833,227,805306368,227,92
833,227,805306369,227,116
833,227,805306370,227,287
833,227,1073741824,227,286
833,227,1073741825,227,115
833,227,1073741826,227,91
833,228,805306368,228,90
833,228,805306369,228,116
833,228,805306370,228,288
833,228,1073741824,228,287
833,228,1073741825,228,115
833,228,1073741826,228,89
833,229,805306368,229,89
833,229,805306369,229,116
833,229,805306370,229,290
833,229,1073741824,229,289
833,229,1073741825,229,115
833,229,1073741826,229,88
833,230,805306368,230,88
833,230,805306369,230,115
833,230,805306370,230,291
833,230,1073741824,230,290
833,230,1073741825,230,114
833,230,1073741826,230,87
833,231,805306368,231,88
833,231,805306369,231,115
833,231,805306370,231,292
833,231,1073741824,231,291
833,231,1073741825,231,114
833,231,1073741826,231,87
833,232,805306368,232,88
833,232,805306369,232,115
833,232,805306370,232,292
833,232,1073741824,232,291
833,232,1073741825,232,114
833,232,1073741826,232,87
833,233,805306368,233,88
833,233,805306369,233,114
833,233,805306370,233,292
833,233,1073741824,233,291
833,233,1073741825,233,113
833,233,1073741826,233,87
833,234,805306368,234,88
833,234,805306369,234,114
833,234,805306370,234,292
833,234,1073741824,234,291
833,234,1073741825,234,113
833,234,1073741826,234,87
833,235,805306368,235,88
833,235,805306369,235,114
833,235,805306370,235,292
833,235,1073741824,235,291
833,235,1073741825,235,113
833,235,1073741826,235,87
833,236,805306368,236,89
833,236,805306369,236,114
833,236,805306370,236,292
833,236,1073741824,236,291
833,236,1073741825,236,113
833,236,1073741826,236,88
833,237,805306368,237,89
833,237,805306369,237,113
833,237,805306370,237,292
833,237,1073741824,237,291
833,237,1073741825,237,112
833,237,1073741826,237,88
833,238,805306368,238,89
833,238,805306369,238,113
833,238,805306370,238,118
833,238,805306371,238,120
833,238,805306372,238,292
833,238,1073741824,238,291
833,238,1073741825,238,119
833,238,1073741826,238,117
833,238,1073741827,238,112
833,238,1073741828,238,88
833,239,805306368,239,90
833,239,805306369,239,113
833,239,805306370,239,117
833,239,805306371,239,121
833,239,805306372,239,292
833,239,1073741824,239,291
833,239,1073741825,239,120
833,239,1073741826,239,116
833,239,1073741827,239,112
833,239,1073741828,239,89
833,240,805306368,240,90
833,240,805306369,240,122
833,240,805306370,240,292
833,240,1073741824,240,291
833,240,1073741825,240,121
833,240,1073741826,240,89
833,241,805306368,241,91
833,241,805306369,241,122
833,241,805306370,241,291
833,241,1073741824,241,290
833,241,1073741825,241,121
833,241,1073741826,241,90
833,242,805306368,242,91
833,242,805306369,242,121
833,242,805306370,242,291
833,242,1073741824,242,290
833,242,1073741825,242,120
833,242,1073741826,242,90
833,243,805306368,243,91
833,243,805306369,243,121
833,243,805306370,243,291
833,243,1073741824,243,290
833,243,1073741825,243,120
833,243,1073741826,243,90
833,244,805306368,244,92
833,244,805306369,244,121
833,244,805306370,244,291
833,244,1073741824,244,290
833,244,1073741825,244,120
833,244,1073741826,244,91
833,245,805306368,245,92
833,245,805306369,245,120
833,245,805306370,245,291
833,245,1073741824,245,290
833,245,1073741825,245,119
833,245,1073741826,245,91
833,246,805306368,246,93
833,246,805306369,246,120
833,246,805306370,246,291
833,246,1073741824,246,290
833,246,1073741825,246,119
833,246,1073741826,246,92
833,247,805306368,247,92
833,247,805306369,247,120
833,247,805306370,247,291
833,247,1073741824,247,290
833,247,1073741825,247,119
833,247,1073741826,247,91
833,248,805306368,248,92
833,248,805306369,248,120
833,248,805306370,248,291
833,248,1073741824,248,290
833,248,1073741825,248,119
833,248,1073741826,248,91
833,249,805306368,249,92
833,249,805306369,249,120
833,249,805306370,249,291
833,249,1073741824,249,290
833,249,1073741825,249,119
833,249,1073741826,249,91
833,250,805306368,250,91
833,250,805306369,250,121
833,250,805306370,250,291
833,250,1073741824,250,290
833,250,1073741825,250,120
833,250,1073741826,250,90
833,251,805306368,251,91
833,251,805306369,251,123
833,251,805306370,251,291
833,251,1073741824,251,290
833,251,1073741825,251,122
833,251,1073741826,251,90
833,252,805306368,252,75
833,252,805306369,252,82
833,252,805306370,252,90
833,252,805306371,252,124
833,252,805306372,252,291
833,252,1073741824,252,290
833,252,1073741825,252,123
833,252,1073741826,252,89
833,252,1073741827,252,81
833,252,1073741828,252,74
833,253,805306368,253,74
833,253,805306369,253,84
833,253,805306370,253,90
833,253,805306371,253,126
833,253,805306372,253,291
833,253,1073741824,253,290
833,253,1073741825,253,125
833,253,1073741826,253,89
833,253,1073741827,253,83
833,253,1073741828,253,73
833,254,805306368,254,73
833,254,805306369,254,86
833,254,805306370,254,90
833,254,805306371,254,128
833,254,805306372,254,291
833,254,1073741824,254,290
833,254,1073741825,254,127
833,254,1073741826,254,89
833,254,1073741827,254,85
833,254,1073741828,254,72
833,255,805306368,255,72
833,255,805306369,255,131
833,255,805306370,255,292
833,255,1073741824,255,291
833,255,1073741825,255,130
833,255,1073741826,255,71
833,256,805306368,256,72
833,256,805306369,256,133
833,256,805306370,256,292
833,256,1073741824,256,291
833,256,1073741825,256,132
833,256,1073741826,256,71
833,257,805306368,257,71
833,257,805306369,257,135
833,257,805306370,257,292
833,257,1073741824,257,291
833,257,1073741825,257,134
833,257,1073741826,257,70
833,258,805306368,258,70
833,258,805306369,258,136
833,258,805306370,258,292
833,258,1073741824,258,291
833,258,1073741825,258,135
833,258,1073741826,258,69
833,259,805306368,259,70
833,259,805306369,259,137
833,259,805306370,259,293
833,259,1073741824,259,292
833,259,1073741825,259,136
833,259,1073741826,259,69
833,260,805306368,260,69
833,260,805306369,260,137
833,260,805306370,260,293
833,260,1073741824,260,292
833,260,1073741825,260,136
833,260,1073741826,260,68
833,261,805306368,261,69
833,261,805306369,261,137
833,261,805306370,261,293
833,261,1073741824,261,292
833,261,1073741825,261,136
833,261,1073741826,261,68
833,262,805306368,262,68
833,262,805306369,262,137
833,262,805306370,262,293
833,262,1073741824,262,292
833,262,1073741825,262,136
833,262,1073741826,262,67
833,263,805306368,263,68
833,263,805306369,263,136
833,263,805306370,263,291
833,263,1073741824,263,290
833,263,1073741825,263,135
833,263,1073741826,263,67
833,264,805306368,264,68
833,264,805306369,264,135
833,264,805306370,264,286
833,264,1073741824,264,285
833,264,1073741825,264,134
833,264,1073741826,264,67
833,265,805306368,265,67
833,265,805306369,265,135
833,265,805306370,265,279
833,265,1073741824,265,278
833,265,1073741825,265,134
833,265,1073741826,265,66
833,266,805306368,266,67
833,266,805306369,266,135
833,266,805306370,266,273
833,266,1073741824,266,272
833,266,1073741825,266,134
833,266,1073741826,266,66
833,267,805306368,267,67
833,267,805306369,267,135
833,267,805306370,267,267
833,267,1073741824,267,266
833,267,1073741825,267,134
833,267,1073741826,267,66
833,268,805306368,268,66
833,268,805306369,268,137
833,268,805306370,268,260
833,268,1073741824,268,259
833,268,1073741825,268,136
833,268,1073741826,268,65
833,269,805306368,269,66
833,269,805306369,269,138
833,269,805306370,269,253
833,269,1073741824,269,252
833,269,1073741825,269,137
833,269,1073741826,269,65
833,270,805306368,270,66
833,270,805306369,270,141
833,270,805306370,270,245
833,270,1073741824,270,244
833,270,1073741825,270,140
833,270,1073741826,270,65
833,271,805306368,271,66
833,271,805306369,271,146
833,271,805306370,271,237
833,271,1073741824,271,236
833,271,1073741825,271,145
833,271,1073741826,271,65
833,272,805306368,272,66
833,272,805306369,272,149
833,272,805306370,272,227
833,272,1073741824,272,226
833,272,1073741825,272,148
833,272,1073741826,272,65
833,273,805306368,273,66
833,273,805306369,273,152
833,273,805306370,273,216
833,273,1073741824,273,215
833,273,1073741825,273,151
833,273,1073741826,273,65
833,274,805306368,274,66
833,274,805306369,274,154
833,274,805306370,274,201
833,274,1073741824,274,200
833,274,1073741825,274,153
833,274,1073741826,274,65
833,275,805306368,275,66
833,275,1073741824,275,65
833,276,805306368,276,66
833,276,1073741824,276,65
833,277,805306368,277,66
833,277,1073741824,277,65
833,278,805306368,278,64
833,278,1073741824,278,63
833,279,805306368,279,57
833,279,1073741824,279,56
833,280,805306368,280,52
833,280,1073741824,280,51
833,281,805306368,281,48
833,281,1073741824,281,47
833,282,805306368,282,45
833,282,1073741824,282,44
833,283,805306368,283,42
833,283,1073741824,283,41
833,284,805306368,284,40
833,284,1073741824,284,39
833,285,805306368,285,37
833,285,1073741824,285,36
833,286,805306368,286,35
833,286,1073741824,286,34
833,287,805306368,287,33
833,287,1073741824,287,32
833,288,805306368,288,31
833,288,1073741824,288,30
833,289,805306368,289,29
833,289,1073741824,289,28
833,290,805306368,290,28
833,290,1073741824,290,27
833,291,805306368,291,27
833,291,1073741824,291,26
833,292,805306368,292,25
833,292,1073741824,292,24
833,293,805306368,293,24
833,293,1073741824,293,23
833,294,805306368,294,23
833,294,1073741824,294,22
833,295,805306368,295,22
833,295,1073741824,295,21
833,296,805306368,296,21
833,296,1073741824,296,20
833,297,805306368,297,20
833,297,1073741824,297,19
833,298,805306368,298,19
833,298,1073741824,298,18
833,299,805306368,299,18
833,299,1073741824,299,17
833,300,805306368,300,18
833,300,1073741824,300,17
833,301,805306368,301,17
833,301,1073741824,301,16
833,302,805306368,302,16
833,302,1073741824,302,15
833,303,805306368,303,16
833,303,1073741824,303,15
833,304,805306368,304,15
833,304,1073741824,304,14
833,305,805306368,305,14
833,305,805306369,305,208
833,305,805306370,305,209
833,305,1073741824,305,208
833,305,1073741825,305,207
833,305,1073741826,305,13
833,306,805306368,306,14
833,306,805306369,306,207
833,306,805306370,306,224
833,306,1073741824,306,223
833,306,1073741825,306,206
833,306,1073741826,306,13
833,307,805306368,307,13
833,307,805306369,307,208
833,307,805306370,307,240
833,307,1073741824,307,239
833,307,1073741825,307,207
833,307,1073741826,307,12
833,308,805306368,308,13
833,308,805306369,308,209
833,308,805306370,308,248
833,308,1073741824,308,247
833,308,1073741825,308,208
833,308,1073741826,308,12
833,309,805306368,309,12
833,309,805306369,309,210
833,309,805306370,309,248
833,309,1073741824,309,247
833,309,1073741825,309,209
833,309,1073741826,309,11
833,310,805306368,310,12
833,310,805306369,310,212
833,310,805306370,310,247
833,310,1073741824,310,246
833,310,1073741825,310,211
833,310,1073741826,310,11
833,311,805306368,311,11
833,311,805306369,311,213
833,311,805306370,311,246
833,311,1073741824,311,245
833,311,1073741825,311,212
833,311,1073741826,311,10
833,312,805306368,312,11
833,312,805306369,312,214
833,312,805306370,312,246
833,312,1073741824,312,245
833,312,1073741825,312,213
833,312,1073741826,312,10
833,313,805306368,313,10
833,313,805306369,313,215
833,313,805306370,313,245
833,313,1073741824,313,244
833,313,1073741825,313,214
833,313,1073741826,313,9
833,314,805306368,314,10
833,314,805306369,314,216
833,314,805306370,314,245
833,314,1073741824,314,244
833,314,1073741825,314,215
833,314,1073741826,314,9
833,315,805306368,315,9
833,315,805306369,315,218
833,315,805306370,315,244
833,315,1073741824,315,243
833,315,1073741825,315,217
833,315,1073741826,315,8
833,316,805306368,316,9
833,316,805306369,316,219
833,316,805306370,316,243
833,316,1073741824,316,242
833,316,1073741825,316,218
833,316,1073741826,316,8
833,317,805306368,317,9
833,317,805306369,317,220
833,317,805306370,317,243
833,317,1073741824,317,242
833,317,1073741825,317,219
833,317,1073741826,317,8
833,318,805306368,318,8
833,318,805306369,318,220
833,318,805306370,318,242
833,318,1073741824,318,241
833,318,1073741825,318,219
833,318,1073741826,318,7
833,319,805306368,319,8
833,319,805306369,319,221
833,319,805306370,319,242
833,319,1073741824,319,241
833,319,1073741825,319,220
833,319,1073741826,319,7
833,320,805306368,320,7
833,320,805306369,320,222
833,320,805306370,320,241
833,320,1073741824,320,240
833,320,1073741825,320,221
833,320,1073741826,320,6
833,321,805306368,321,7
833,321,805306369,321,222
833,321,805306370,321,241
833,321,1073741824,321,240
833,321,1073741825,321,221
833,321,1073741826,321,6
833,322,805306368,322,7
833,322,805306369,322,223
833,322,805306370,322,240
833,322,1073741824,322,239
833,322,1073741825,322,222
833,322,1073741826,322,6
833,323,805306368,323,6
833,323,805306369,323,223
833,323,805306370,323,240
833,323,1073741824,323,239
833,323,1073741825,323,222
833,323,1073741826,323,5
833,324,805306368,324,6
833,324,805306369,324,223
833,324,805306370,324,240
833,324,1073741824,324,239
833,324,1073741825,324,222
833,324,1073741826,324,5
833,325,805306368,325,6
833,325,805306369,325,224
833,325,805306370,325,239
833,325,1073741824,325,238
833,325,1073741825,325,223
833,325,1073741826,325,5
833,326,805306368,326,5
833,326,805306369,326,224
833,326,805306370,326,239
833,326,1073741824,326,238
833,326,1073741825,326,223
833,326,1073741826,326,4
833,327,805306368,327,5
833,327,805306369,327,225
833,327,805306370,327,238
833,327,1073741824,327,237
833,327,1073741825,327,224
833,327,1073741826,327,4
833,328,805306368,328,5
833,328,1073741824,328,4
833,329,805306368,329,5
833,329,1073741824,329,4
833,330,805306368,330,4
833,330,1073741824,330,3
833,331,805306368,331,4
833,331,1073741824,331,3
833,332,805306368,332,4
833,332,1073741824,332,3
833,333,805306368,333,4
833,333,1073741824,333,3
833,334,805306368,334,3
833,334,1073741824,334,2
833,335,805306368,335,3
833,335,1073741824,335,2
833,336,805306368,336,3
833,336,1073741824,336,2
833,337,805306368,337,3
833,337,1073741824,337,2
833,338,805306368,338,3
833,338,1073741824,338,2
833,339,805306368,339,2
833,339,1073741824,339,1
833,340,805306368,340,2
833,340,1073741824,340,1
833,341,805306368,341,2
833,341,1073741824,341,1
833,342,805306368,342,1
833,342,1073741824,342,0
833,343,805306368,343,1
833,343,1073741824,343,0
833,344,805306368,344,1
833,344,1073741824,344,0
833,345,805306368,345,1
833,345,1073741824,345,0
833,346,1879048192,346,0
833,346,2147483648,346,359
833,347,1879048192,347,0
833,347,2147483648,347,359
833,348,1879048192,348,0
833,348,2147483648,348,359
833,349,1879048192,349,0
833,349,2147483648,349,359
833,350,1879048192,350,0
833,350,2147483648,350,359
833,351,1879048192,351,0
833,351,2147483648,351,359
833,352,1879048192,352,0
833,352,2147483648,352,359
833,353,1879048192,353,0
833,353,2147483648,353,359
833,354,1879048192,354,0
833,354,2147483648,354,359
833,355,1879048192,355,0
833,355,2147483648,355,359
833,356,1879048192,356,0
833,356,2147483648,356,359
833,357,1879048192,357,0
833,357,2147483648,357,359
833,358,1879048192,358,0
833,358,2147483648,358,359
833,359,1879048192,359,0
833,359,2147483648,359,359
833,360,1879048192,360,0
833,360,2147483648,360,359
833,361,1879048192,361,0
833,361,2147483648,361,359
833,362,1879048192,362,0
833,362,2147483648,362,359
833,363,1879048192,363,0
833,363,2147483648,363,359
833,364,1879048192,364,0
833,364,2147483648,364,359
833,365,1879048192,365,0
833,365,2147483648,365,359
833,366,1879048192,366,0
833,366,2147483648,366,359
833,367,1879048192,367,0
833,367,2147483648,367,359
833,368,1879048192,368,0
833,368,2147483648,368,359
833,369,1879048192,369,0
833,369,2147483648,369,359
833,370,1879048192,370,0
833,370,2147483648,370,359
833,371,1879048192,371,0
833,371,2147483648,371,359
833,372,1879048192,372,0
833,372,2147483648,372,359
833,373,1879048192,373,0
833,373,2147483648,373,359
833,374,1879048192,374,0
833,374,2147483648,374,359
833,375,1879048192,375,0
833,375,2147483648,375,359
833,376,1879048192,376,0
833,376,2147483648,376,359
833,377,1879048192,377,0
833,377,2147483648,377,359
833,378,1879048192,378,0
833,378,2147483648,378,359
833,379,1879048192,379,0
833,379,2147483648,379,359
833,380,1879048192,380,0
833,380,2147483648,380,359
833,381,1879048192,381,0
833,381,2147483648,381,359
833,382,1879048192,382,0
833,382,2147483648,382,359
833,383,1879048192,383,0
833,383,2147483648,383,359
833,384,1879048192,384,0
833,384,2147483648,384,359
833,385,1879048192,385,0
833,385,2147483648,385,359
833,386,1879048192,386,0
833,386,2147483648,386,359
833,387,1879048192,387,0
833,387,2147483648,387,359
833,388,1879048192,388,0
833,388,2147483648,388,359
833,389,1879048192,389,0
833,389,2147483648,389,359
833,390,1879048192,390,0
833,390,2147483648,390,359
833,391,1879048192,391,0
833,391,2147483648,391,359
833,392,1879048192,392,0
833,392,2147483648,392,359
833,393,1879048192,393,0
833,393,2147483648,393,359
833,394,1879048192,394,0
833,394,2147483648,394,359
833,395,1879048192,395,0
833,395,2147483648,395,359
833,396,1879048192,396,0
833,396,2147483648,396,359
833,397,1879048192,397,0
833,397,2147483648,397,359
833,398,1879048192,398,0
833,398,2147483648,398,359
833,399,1879048192,399,0
833,399,2147483648,399,359
833,400,1879048192,400,0
833,400,2147483648,400,359
833,401,1879048192,401,0
833,401,2147483648,401,359
833,402,1879048192,402,0
833,402,2147483648,402,359
833,403,1879048192,403,0
833,403,2147483648,403,359
833,404,1879048192,404,0
833,404,2147483648,404,359
833,405,1879048192,405,0
833,405,2147483648,405,359
833,406,1879048192,406,0
833,406,2147483648,406,359
833,407,1879048192,407,0
833,407,2147483648,407,359
833,408,1879048192,408,0
833,408,2147483648,408,359
833,409,1879048192,409,0
833,409,2147483648,409,359
833,410,805306368,410,1
833,410,1073741824,410,0
833,411,805306368,411,1
833,411,1073741824,411,0
833,412,805306368,412,1
833,412,1073741824,412,0
833,413,805306368,413,2
833,413,1073741824,413,1
833,414,805306368,414,2
833,414,1073741824,414,1
833,415,805306368,415,2
833,415,1073741824,415,1
833,416,805306368,416,3
833,416,1073741824,416,2
833,417,805306368,417,3
833,417,1073741824,417,2
833,418,805306368,418,3
833,418,1073741824,418,2
833,419,805306368,419,4
833,419,1073741824,419,3
833,420,805306368,420,4
833,420,1073741824,420,3
833,421,805306368,421,4
833,421,1073741824,421,3
833,422,805306368,422,5
833,422,1073741824,422,4
833,423,805306368,423,5
833,423,1073741824,423,4
833,424,805306368,424,6
833,424,1073741824,424,5
833,425,805306368,425,6
833,425,1073741824,425,5
833,426,805306368,426,7
833,426,1073741824,426,6
833,427,805306368,427,7
833,427,1073741824,427,6
833,428,805306368,428,7
833,428,1073741824,428,6
833,429,805306368,429,8
833,429,1073741824,429,7
833,430,805306368,430,9
833,430,1073741824,430,8
833,431,805306368,431,9
833,431,1073741824,431,8
833,432,805306368,432,10
833,432,1073741824,432,9
833,433,805306368,433,10
833,433,1073741824,433,9
833,434,805306368,434,11
833,434,1073741824,434,10
833,435,805306368,435,11
833,435,1073741824,435,10
833,436,805306368,436,12
833,436,1073741824,436,11
833,437,805306368,437,12
833,437,1073741824,437,11
833,438,805306368,438,13
833,438,1073741824,438,12
833,439,805306368,439,14
833,439,1073741824,439,13
833,440,805306368,440,14
833,440,1073741824,440,13
833,441,805306368,441,15
833,441,1073741824,441,14
833,442,805306368,442,16
833,442,1073741824,442,15
833,443,805306368,443,16
833,443,1073741824,443,15
833,444,805306368,444,17
833,444,1073741824,444,16
833,445,805306368,445,17
833,445,1073741824,445,16
833,446,805306368,446,18
833,446,1073741824,446,17
833,447,805306368,447,19
833,447,1073741824,447,18
833,448,805306368,448,20
833,448,1073741824,448,19
833,449,805306368,449,20
833,449,1073741824,449,19
833,450,805306368,450,21
833,450,1073741824,450,20
833,451,805306368,451,22
833,451,1073741824,451,21
833,452,805306368,452,23
833,452,1073741824,452,22
833,453,805306368,453,24
833,453,1073741824,453,23
833,454,805306368,454,25
833,454,1073741824,454,24
833,455,805306368,455,26
833,455,1073741824,455,25
833,456,805306368,456,27
833,456,1073741824,456,26
833,457,805306368,457,27
833,457,1073741824,457,26
833,458,805306368,458,28
833,458,1073741824,458,27
833,459,805306368,459,29
833,459,1073741824,459,28
833,460,805306368,460,30
833,460,1073741824,460,29
833,461,805306368,461,32
833,461,1073741824,461,31
833,462,805306368,462,33
833,462,1073741824,462,32
833,463,805306368,463,34
833,463,1073741824,463,33
833,464,805306368,464,35
833,464,1073741824,464,34
833,465,805306368,465,36
833,465,1073741824,465,35
833,466,805306368,466,38
833,466,1073741824,466,37
833,467,805306368,467,39
833,467,1073741824,467,38
833,468,805306368,468,41
833,468,1073741824,468,40
833,469,805306368,469,42
833,469,1073741824,469,41
833,470,805306368,470,44
833,470,1073741824,470,43
833,471,805306368,471,45
833,471,805306369,471,318
833,471,805306370,471,320
833,471,1073741824,471,319
833,471,1073741825,471,317
833,471,1073741826,471,44
833,472,805306368,472,48
833,472,805306369,472,297
833,472,805306370,472,325
833,472,1073741824,472,324
833,472,1073741825,472,296
833,472,1073741826,472,47
833,473,805306368,473,49
833,473,805306369,473,282
833,473,805306370,473,329
833,473,1073741824,473,328
833,473,1073741825,473,281
833,473,1073741826,473,48
833,474,805306368,474,51
833,474,805306369,474,268
833,474,805306370,474,333
833,474,1073741824,474,332
833,474,1073741825,474,267
833,474,1073741826,474,50
833,475,805306368,475,53
833,475,805306369,475,117
833,475,805306370,475,119
833,475,805306371,475,257
833,475,805306372,475,337
833,475,1073741824,475,336
833,475,1073741825,475,256
833,475,1073741826,475,118
833,475,1073741827,475,116
833,475,1073741828,475,52
833,476,805306368,476,56
833,476,805306369,476,114
833,476,805306370,476,127
833,476,805306371,476,243
833,476,805306372,476,340
833,476,1073741824,476,339
833,476,1073741825,476,242
833,476,1073741826,476,126
833,476,1073741827,476,113
833,476,1073741828,476,55
833,477,805306368,477,59
833,477,805306369,477,112
833,477,805306370,477,135
833,477,805306371,477,229
833,477,805306372,477,344
833,477,1073741824,477,343
833,477,1073741825,477,228
833,477,1073741826,477,134
833,477,1073741827,477,111
833,477,1073741828,477,58
833,478,805306368,478,61
833,478,805306369,478,109
833,478,805306370,478,144
833,478,805306371,478,212
833,478,805306372,478,348
833,478,1073741824,478,347
833,478,1073741825,478,211
833,478,1073741826,478,143
833,478,1073741827,478,108
833,478,1073741828,478,60
833,479,805306368,479,63
833,479,805306369,479,105
833,479,805306370,479,152
833,479,805306371,479,191
833,479,805306372,479,192
833,479,805306373,479,194
833,479,805306374,479,352
833,479,1073741824,479,351
833,479,1073741825,479,193
833,479,1073741826,479,191
833,479,1073741827,479,190
833,479,1073741828,479,151
833,479,1073741829,479,104
833,479,1073741830,479,62
834,378,268435456,378,0
834,406,268435457,406,0
834,405,536870912,405,0
834,377,536870913,377,0
834,379,268435456,379,1
834,406,268435457,406,1
834,405,536870912,405,1
834,378,536870913,378,1
834,379,268435456,379,2
834,406,268435457,406,2
834,405,536870912,405,2
834,378,536870913,378,2
834,379,268435456,379,3
834,407,268435457,407,3
834,406,536870912,406,3
834,378,536870913,378,3
834,378,268435456,378,4
834,407,268435457,407,4
834,406,536870912,406,4
834,377,536870913,377,4
834,370,268435456,370,5
834,407,268435457,407,5
834,406,536870912,406,5
834,369,536870913,369,5
834,362,268435456,362,6
834,408,268435457,408,6
834,407,536870912,407,6
834,361,536870913,361,6
834,355,268435456,355,7
834,410,268435457,410,7
834,409,536870912,409,7
834,354,536870913,354,7
834,349,268435456,349,8
834,413,268435457,413,8
834,412,536870912,412,8
834,348,536870913,348,8
834,345,268435456,345,9
834,416,268435457,416,9
834,415,536870912,415,9
834,344,536870913,344,9
834,341,268435456,341,10
834,419,268435457,419,10
834,418,536870912,418,10
834,340,536870913,340,10
834,336,268435456,336,11
834,422,268435457,422,11
834,421,536870912,421,11
834,335,536870913,335,11
834,332,268435456,332,12
834,425,268435457,425,12
834,424,536870912,424,12
834,331,536870913,331,12
834,328,268435456,328,13
834,427,268435457,427,13
834,426,536870912,426,13
834,327,536870913,327,13
834,325,268435456,325,14
834,429,268435457,429,14
834,428,536870912,428,14
834,324,536870913,324,14
834,322,268435456,322,15
834,431,268435457,431,15
834,430,536870912,430,15
834,321,536870913,321,15
834,319,268435456,319,16
834,433,268435457,433,16
834,432,536870912,432,16
834,318,536870913,318,16
834,317,268435456,317,17
834,435,268435457,435,17
834,434,536870912,434,17
834,316,536870913,316,17
834,315,268435456,315,18
834,437,268435457,437,18
834,436,536870912,436,18
834,314,536870913,314,18
834,313,268435456,313,19
834,439,268435457,439,19
834,438,536870912,438,19
834,312,536870913,312,19
834,311,268435456,311,20
834,441,268435457,441,20
834,440,536870912,440,20
834,310,536870913,310,20
834,309,268435456,309,21
834,442,268435457,442,21
834,441,536870912,441,21
834,308,536870913,308,21
834,308,268435456,308,22
834,444,268435457,444,22
834,443,536870912,443,22
834,307,536870913,307,22
834,306,268435456,306,23
834,445,268435457,445,23
834,444,536870912,444,23
834,305,536870913,305,23
834,305,268435456,305,24
834,447,268435457,447,24
834,446,536870912,446,24
834,304,536870913,304,24
834,303,268435456,303,25
834,449,268435457,449,25
834,448,536870912,448,25
834,302,536870913,302,25
834,302,268435456,302,26
834,450,268435457,450,26
834,449,536870912,449,26
834,301,536870913,301,26
834,301,268435456,301,27
834,451,268435457,451,27
834,450,536870912,450,27
834,300,536870913,300,27
834,300,268435456,300,28
834,453,268435457,453,28
834,452,536870912,452,28
834,299,536870913,299,28
834,299,268435456,299,29
834,454,268435457,454,29
834,453,536870912,453,29
834,298,536870913,298,29
834,298,268435456,298,30
834,455,268435457,455,30
834,454,536870912,454,30
834,297,536870913,297,30
834,297,268435456,297,31
834,456,268435457,456,31
834,455,536870912,455,31
834,296,536870913,296,31
834,296,268435456,296,32
834,457,268435457,457,32
834,456,536870912,456,32
834,295,536870913,295,32
834,295,268435456,295,33
834,458,268435457,458,33
834,457,536870912,457,33
834,294,536870913,294,33
834,295,268435456,295,34
834,460,268435457,460,34
834,459,536870912,459,34
834,294,536870913,294,34
834,294,268435456,294,35
834,460,268435457,460,35
834,459,536870912,459,35
834,293,536870913,293,35
834,293,268435456,293,36
834,461,268435457,461,36
834,460,536870912,460,36
834,292,536870913,292,36
834,293,268435456,293,37
834,463,268435457,463,37
834,462,536870912,462,37
834,292,536870913,292,37
834,292,268435456,292,38
834,464,268435457,464,38
834,463,536870912,463,38
834,291,536870913,291,38
834,291,268435456,291,39
834,464,268435457,464,39
834,463,536870912,463,39
834,290,536870913,290,39
834,291,268435456,291,40
834,465,268435457,465,40
834,464,536870912,464,40
834,290,536870913,290,40
834,290,268435456,290,41
834,466,268435457,466,41
834,465,536870912,465,41
834,289,536870913,289,41
834,290,268435456,290,42
834,467,268435457,467,42
834,466,536870912,466,42
834,289,536870913,289,42
834,289,268435456,289,43
834,468,268435457,468,43
834,467,536870912,467,43
834,288,536870913,288,43
834,289,268435456,289,44
834,469,268435457,469,44
834,468,536870912,468,44
834,288,536870913,288,44
834,288,268435456,288,45
834,469,268435457,469,45
834,468,536870912,468,45
834,287,536870913,287,45
834,288,268435456,288,46
834,470,268435457,470,46
834,469,536870912,469,46
834,287,536870913,287,46
834,288,268435456,288,47
834,471,268435457,471,47
834,470,536870912,470,47
834,287,536870913,287,47
834,287,268435456,287,48
834,471,268435457,471,48
834,470,536870912,470,48
834,286,536870913,286,48
834,287,268435456,287,49
834,472,268435457,472,49
834,471,536870912,471,49
834,286,536870913,286,49
834,287,268435456,287,50
834,473,268435457,473,50
834,472,536870912,472,50
834,286,536870913,286,50
834,286,268435456,286,51
834,473,268435457,473,51
834,472,536870912,472,51
834,285,536870913,285,51
834,286,268435456,286,52
834,474,268435457,474,52
834,473,536870912,473,52
834,285,536870913,285,52
834,286,268435456,286,53
834,475,268435457,475,53
834,474,536870912,474,53
834,285,536870913,285,53
834,285,268435456,285,54
834,475,268435457,475,54
834,474,536870912,474,54
834,284,536870913,284,54
834,285,268435456,285,55
834,476,268435457,476,55
834,475,536870912,475,55
834,284,536870913,284,55
834,285,268435456,285,56
834,476,268435457,476,56
834,475,536870912,475,56
834,284,536870913,284,56
834,284,268435456,284,57
834,477,268435457,477,57
834,476,536870912,476,57
834,283,536870913,283,57
834,284,268435456,284,58
834,477,268435457,477,58
834,476,536870912,476,58
834,283,536870913,283,58
834,284,268435456,284,59
834,478,268435457,478,59
834,477,536870912,477,59
834,283,536870913,283,59
834,284,268435456,284,60
834,478,268435457,478,60
834,477,536870912,477,60
834,283,536870913,283,60
834,283,268435456,283,61
834,479,268435457,479,61
834,478,536870912,478,61
834,282,536870913,282,61
834,283,268435456,283,62
834,479,268435457,479,62
834,478,536870912,478,62
834,282,536870913,282,62
834,283,268435456,283,63
834,282,536870912,282,63
834,283,268435456,283,64
834,282,536870912,282,64
834,283,268435456,283,65
834,282,536870912,282,65
834,283,268435456,283,66
834,282,536870912,282,66
834,283,268435456,283,67
834,282,536870912,282,67
834,282,268435456,282,68
834,281,536870912,281,68
834,282,268435456,282,69
834,281,536870912,281,69
834,275,268435456,275,70
834,276,268435457,276,70
834,282,268435458,282,70
834,281,536870912,281,70
834,275,536870913,275,70
834,274,536870914,274,70
834,267,268435456,267,71
834,266,536870912,266,71
834,263,268435456,263,72
834,262,536870912,262,72
834,260,268435456,260,73
834,259,536870912,259,73
834,258,268435456,258,74
834,257,536870912,257,74
834,257,268435456,257,75
834,256,536870912,256,75
834,256,268435456,256,76
834,255,536870912,255,76
834,255,268435456,255,77
834,254,536870912,254,77
834,255,268435456,255,78
834,254,536870912,254,78
834,254,268435456,254,79
834,253,536870912,253,79
834,255,268435456,255,80
834,254,536870912,254,80
834,255,268435456,255,81
834,254,536870912,254,81
834,255,268435456,255,82
834,254,536870912,254,82
834,255,268435456,255,83
834,254,536870912,254,83
834,256,268435456,256,84
834,255,536870912,255,84
834,256,268435456,256,85
834,255,536870912,255,85
834,256,268435456,256,86
834,255,536870912,255,86
834,257,268435456,257,87
834,256,536870912,256,87
834,257,268435456,257,88
834,256,536870912,256,88
834,258,268435456,258,89
834,257,536870912,257,89
834,258,268435456,258,90
834,257,536870912,257,90
834,259,268435456,259,91
834,258,536870912,258,91
834,235,268435456,235,92
834,237,268435457,237,92
834,259,268435458,259,92
834,258,536870912,258,92
834,236,536870913,236,92
834,234,536870914,234,92
834,233,268435456,233,93
834,240,268435457,240,93
834,259,268435458,259,93
834,258,536870912,258,93
834,239,536870913,239,93
834,232,536870914,232,93
834,232,268435456,232,94
834,243,268435457,243,94
834,258,268435458,258,94
834,257,536870912,257,94
834,242,536870913,242,94
834,231,536870914,231,94
834,231,268435456,231,95
834,245,268435457,245,95
834,255,268435458,255,95
834,254,536870912,254,95
834,244,536870913,244,95
834,230,536870914,230,95
834,231,268435456,231,96
834,247,268435457,247,96
834,252,268435458,252,96
834,251,536870912,251,96
834,246,536870913,246,96
834,230,536870914,230,96
834,230,268435456,230,97
834,229,536870912,229,97
834,229,268435456,229,98
834,228,536870912,228,98
834,229,268435456,229,99
834,228,536870912,228,99
834,229,268435456,229,100
834,228,536870912,228,100
834,228,268435456,228,101
834,227,536870912,227,101
834,228,268435456,228,102
834,227,536870912,227,102
834,228,268435456,228,103
834,227,536870912,227,103
834,227,268435456,227,104
834,226,536870912,226,104
834,227,268435456,227,105
834,226,536870912,226,105
834,227,268435456,227,106
834,226,536870912,226,106
834,227,268435456,227,107
834,226,536870912,226,107
834,227,268435456,227,108
834,226,536870912,226,108
834,226,268435456,226,109
834,225,536870912,225,109
834,226,268435456,226,110
834,225,536870912,225,110
834,226,268435456,226,111
834,225,536870912,225,111
834,226,268435456,226,112
834,225,536870912,225,112
834,226,268435456,226,113
834,225,536870912,225,113
834,226,268435456,226,114
834,225,536870912,225,114
834,227,268435456,227,115
834,226,536870912,226,115
834,227,268435456,227,116
834,226,536870912,226,116
834,227,268435456,227,117
834,226,536870912,226,117
834,228,268435456,228,118
834,240,268435457,240,118
834,244,268435458,244,118
834,243,536870912,243,118
834,239,536870913,239,118
834,227,536870914,227,118
834,230,268435456,230,119
834,237,268435457,237,119
834,243,268435458,243,119
834,242,536870912,242,119
834,236,536870913,236,119
834,229,536870914,229,119
834,242,268435456,242,120
834,241,536870912,241,120
834,242,268435456,242,121
834,241,536870912,241,121
834,242,268435456,242,122
834,479,268435457,479,122
834,478,536870912,478,122
834,241,536870913,241,122
834,243,268435456,243,123
834,252,268435457,252,123
834,253,268435458,253,123
834,479,268435459,479,123
834,478,536870912,478,123
834,252,536870913,252,123
834,251,536870914,251,123
834,242,536870915,242,123
834,244,268435456,244,124
834,248,268435457,248,124
834,254,268435458,254,124
834,478,268435459,478,124
834,477,536870912,477,124
834,253,536870913,253,124
834,247,536870914,247,124
834,243,536870915,243,124
834,255,268435456,255,125
834,478,268435457,478,125
834,477,536870912,477,125
834,254,536870913,254,125
834,256,268435456,256,126
834,478,268435457,478,126
834,477,536870912,477,126
834,255,536870913,255,126
834,256,268435456,256,127
834,478,268435457,478,127
834,477,536870912,477,127
834,255,536870913,255,127
834,257,268435456,257,128
834,478,268435457,478,128
834,477,536870912,477,128
834,256,536870913,256,128
834,257,268435456,257,129
834,478,268435457,478,129
834,477,536870912,477,129
834,256,536870913,256,129
834,257,268435456,257,130
834,479,268435457,479,130
834,478,536870912,478,130
834,256,536870913,256,130
834,258,268435456,258,131
834,479,268435457,479,131
834,478,536870912,478,131
834,257,536870913,257,131
834,258,268435456,258,132
834,479,268435457,479,132
834,478,536870912,478,132
834,257,536870913,257,132
834,258,268435456,258,133
834,479,268435457,479,133
834,478,536870912,478,133
834,257,536870913,257,133
834,259,268435456,259,134
834,479,268435457,479,134
834,478,536870912,478,134
834,258,536870913,258,134
834,259,268435456,259,135
834,479,268435457,479,135
834,478,536870912,478,135
834,258,536870913,258,135
834,260,268435456,260,136
834,479,268435457,479,136
834,478,536870912,478,136
834,259,536870913,259,136
834,260,268435456,260,137
834,267,268435457,267,137
834,271,268435458,271,137
834,270,536870912,270,137
834,266,536870913,266,137
834,259,536870914,259,137
834,261,268435456,261,138
834,266,268435457,266,138
834,272,268435458,272,138
834,271,536870912,271,138
834,265,536870913,265,138
834,260,536870914,260,138
834,262,268435456,262,139
834,265,268435457,265,139
834,273,268435458,273,139
834,272,536870912,272,139
834,264,536870913,264,139
834,261,536870914,261,139
834,273,268435456,273,140
834,272,536870912,272,140
834,273,268435456,273,141
834,272,536870912,272,141
834,273,268435456,273,142
834,272,536870912,272,142
834,273,268435456,273,143
834,272,536870912,272,143
834,272,268435456,272,144
834,271,536870912,271,144
834,274,268435456,274,145
834,273,536870912,273,145
834,274,268435456,274,146
834,273,536870912,273,146
834,274,268435456,274,147
834,273,536870912,273,147
834,138,268435456,138,148
834,141,268435457,141,148
834,274,268435458,274,148
834,273,536870912,273,148
834,140,536870913,140,148
834,137,536870914,137,148
834,131,268435456,131,149
834,142,268435457,142,149
834,275,268435458,275,149
834,274,536870912,274,149
834,141,536870913,141,149
834,130,536870914,130,149
834,131,268435456,131,150
834,143,268435457,143,150
834,275,268435458,275,150
834,274,536870912,274,150
834,142,536870913,142,150
834,130,536870914,130,150
834,131,268435456,131,151
834,144,268435457,144,151
834,275,268435458,275,151
834,274,536870912,274,151
834,143,536870913,143,151
834,130,536870914,130,151
834,130,268435456,130,152
834,145,268435457,145,152
834,275,268435458,275,152
834,274,536870912,274,152
834,144,536870913,144,152
834,129,536870914,129,152
834,130,268435456,130,153
834,145,268435457,145,153
834,275,268435458,275,153
834,274,536870912,274,153
834,144,536870913,144,153
834,129,536870914,129,153
834,131,268435456,131,154
834,146,268435457,146,154
834,276,268435458,276,154
834,275,536870912,275,154
834,145,536870913,145,154
834,130,536870914,130,154
834,131,268435456,131,155
834,147,268435457,147,155
834,276,268435458,276,155
834,275,536870912,275,155
834,146,536870913,146,155
834,130,536870914,130,155
834,132,268435456,132,156
834,148,268435457,148,156
834,277,268435458,277,156
834,276,536870912,276,156
834,147,536870913,147,156
834,131,536870914,131,156
834,132,268435456,132,157
834,149,268435457,149,157
834,277,268435458,277,157
834,276,536870912,276,157
834,148,536870913,148,157
834,131,536870914,131,157
834,133,268435456,133,158
834,149,268435457,149,158
834,277,268435458,277,158
834,276,536870912,276,158
834,148,536870913,148,158
834,132,536870914,132,158
834,133,268435456,133,159
834,150,268435457,150,159
834,277,268435458,277,159
834,276,536870912,276,159
834,149,536870913,149,159
834,132,536870914,132,159
834,134,268435456,134,160
834,151,268435457,151,160
834,277,268435458,277,160
834,276,536870912,276,160
834,150,536870913,150,160
834,133,536870914,133,160
834,134,268435456,134,161
834,151,268435457,151,161
834,277,268435458,277,161
834,276,536870912,276,161
834,150,536870913,150,161
834,133,536870914,133,161
834,135,268435456,135,162
834,152,268435457,152,162
834,277,268435458,277,162
834,276,536870912,276,162
834,151,536870913,151,162
834,134,536870914,134,162
834,135,268435456,135,163
834,153,268435457,153,163
834,277,268435458,277,163
834,276,536870912,276,163
834,152,536870913,152,163
834,134,536870914,134,163
834,136,268435456,136,164
834,153,268435457,153,164
834,277,268435458,277,164
834,276,536870912,276,164
834,152,536870913,152,164
834,135,536870914,135,164
834,137,268435456,137,165
834,154,268435457,154,165
834,277,268435458,277,165
834,276,536870912,276,165
834,153,536870913,153,165
834,136,536870914,136,165
834,138,268435456,138,166
834,155,268435457,155,166
834,277,268435458,277,166
834,276,536870912,276,166
834,154,536870913,154,166
834,137,536870914,137,166
834,138,268435456,138,167
834,155,268435457,155,167
834,277,268435458,277,167
834,276,536870912,276,167
834,154,536870913,154,167
834,137,536870914,137,167
834,139,268435456,139,168
834,156,268435457,156,168
834,277,268435458,277,168
834,276,536870912,276,168
834,155,536870913,155,168
834,138,536870914,138,168
834,140,268435456,140,169
834,157,268435457,157,169
834,277,268435458,277,169
834,276,536870912,276,169
834,156,536870913,156,169
834,139,536870914,139,169
834,141,268435456,141,170
834,158,268435457,158,170
834,277,268435458,277,170
834,276,536870912,276,170
834,157,536870913,157,170
834,140,536870914,140,170
834,141,268435456,141,171
834,159,268435457,159,171
834,277,268435458,277,171
834,276,536870912,276,171
834,158,536870913,158,171
834,140,536870914,140,171
834,142,268435456,142,172
834,159,268435457,159,172
834,277,268435458,277,172
834,276,536870912,276,172
834,158,536870913,158,172
834,141,536870914,141,172
834,143,268435456,143,173
834,160,268435457,160,173
834,277,268435458,277,173
834,276,536870912,276,173
834,159,536870913,159,173
834,142,536870914,142,173
834,143,268435456,143,174
834,161,268435457,161,174
834,276,268435458,276,174
834,275,536870912,275,174
834,160,536870913,160,174
834,142,536870914,142,174
834,144,268435456,144,175
834,162,268435457,162,175
834,276,268435458,276,175
834,275,536870912,275,175
834,161,536870913,161,175
834,143,536870914,143,175
834,145,268435456,145,176
834,162,268435457,162,176
834,276,268435458,276,176
834,275,536870912,275,176
834,161,536870913,161,176
834,144,536870914,144,176
834,145,268435456,145,177
834,163,268435457,163,177
834,276,268435458,276,177
834,275,536870912,275,177
834,162,536870913,162,177
834,144,536870914,144,177
834,146,268435456,146,178
834,164,268435457,164,178
834,276,268435458,276,178
834,275,536870912,275,178
834,163,536870913,163,178
834,145,536870914,145,178
834,147,268435456,147,179
834,164,268435457,164,179
834,276,268435458,276,179
834,275,536870912,275,179
834,163,536870913,163,179
834,146,536870914,146,179
834,148,268435456,148,180
834,165,268435457,165,180
834,276,268435458,276,180
834,275,536870912,275,180
834,164,536870913,164,180
834,147,536870914,147,180
834,148,268435456,148,181
834,166,268435457,166,181
834,276,268435458,276,181
834,275,536870912,275,181
834,165,536870913,165,181
834,147,536870914,147,181
834,149,268435456,149,182
834,167,268435457,167,182
834,276,268435458,276,182
834,275,536870912,275,182
834,166,536870913,166,182
834,148,536870914,148,182
834,149,268435456,149,183
834,168,268435457,168,183
834,276,268435458,276,183
834,275,536870912,275,183
834,167,536870913,167,183
834,148,536870914,148,183
834,150,268435456,150,184
834,168,268435457,168,184
834,276,268435458,276,184
834,275,536870912,275,184
834,167,536870913,167,184
834,149,536870914,149,184
834,151,268435456,151,185
834,169,268435457,169,185
834,276,268435458,276,185
834,275,536870912,275,185
834,168,536870913,168,185
834,150,536870914,150,185
834,151,268435456,151,186
834,170,268435457,170,186
834,276,268435458,276,186
834,275,536870912,275,186
834,169,536870913,169,186
834,150,536870914,150,186
834,152,268435456,152,187
834,171,268435457,171,187
834,276,268435458,276,187
834,275,536870912,275,187
834,170,536870913,170,187
834,151,536870914,151,187
834,153,268435456,153,188
834,172,268435457,172,188
834,276,268435458,276,188
834,275,536870912,275,188
834,171,536870913,171,188
834,152,536870914,152,188
834,153,268435456,153,189
834,173,268435457,173,189
834,276,268435458,276,189
834,275,536870912,275,189
834,172,536870913,172,189
834,152,536870914,152,189
834,154,268435456,154,190
834,173,268435457,173,190
834,276,268435458,276,190
834,275,536870912,275,190
834,172,536870913,172,190
834,153,536870914,153,190
834,154,268435456,154,191
834,174,268435457,174,191
834,275,268435458,275,191
834,274,536870912,274,191
834,173,536870913,173,191
834,153,536870914,153,191
834,155,268435456,155,192
834,175,268435457,175,192
834,275,268435458,275,192
834,274,536870912,274,192
834,174,536870913,174,192
834,154,536870914,154,192
834,155,268435456,155,193
834,176,268435457,176,193
834,275,268435458,275,193
834,274,536870912,274,193
834,175,536870913,175,193
834,154,536870914,154,193
834,156,268435456,156,194
834,176,268435457,176,194
834,275,268435458,275,194
834,274,536870912,274,194
834,175,536870913,175,194
834,155,536870914,155,194
834,145,268435456,145,195
834,151,268435457,151,195
834,156,268435458,156,195
834,177,268435459,177,195
834,275,268435460,275,195
834,274,536870912,274,195
834,176,536870913,176,195
834,155,536870914,155,195
834,150,536870915,150,195
834,144,536870916,144,195
834,143,268435456,143,196
834,155,268435457,155,196
834,157,268435458,157,196
834,179,268435459,179,196
834,275,268435460,275,196
834,274,536870912,274,196
834,178,536870913,178,196
834,156,536870914,156,196
834,154,536870915,154,196
834,142,536870916,142,196
834,141,268435456,141,197
834,181,268435457,181,197
834,275,268435458,275,197
834,274,536870912,274,197
834,180,536870913,180,197
834,140,536870914,140,197
834,139,268435456,139,198
834,182,268435457,182,198
834,275,268435458,275,198
834,274,536870912,274,198
834,181,536870913,181,198
834,138,536870914,138,198
834,138,268435456,138,199
834,183,268435457,183,199
834,275,268435458,275,199
834,274,536870912,274,199
834,182,536870913,182,199
834,137,536870914,137,199
834,138,268435456,138,200
834,183,268435457,183,200
834,275,268435458,275,200
834,274,536870912,274,200
834,182,536870913,182,200
834,137,536870914,137,200
834,138,268435456,138,201
834,184,268435457,184,201
834,275,268435458,275,201
834,274,536870912,274,201
834,183,536870913,183,201
834,137,536870914,137,201
834,137,268435456,137,202
834,184,268435457,184,202
834,275,268435458,275,202
834,274,536870912,274,202
834,183,536870913,183,202
834,136,536870914,136,202
834,137,268435456,137,203
834,185,268435457,185,203
834,275,268435458,275,203
834,274,536870912,274,203
834,184,536870913,184,203
834,136,536870914,136,203
834,137,268435456,137,204
834,185,268435457,185,204
834,275,268435458,275,204
834,274,536870912,274,204
834,184,536870913,184,204
834,136,536870914,136,204
834,137,268435456,137,205
834,186,268435457,186,205
834,275,268435458,275,205
834,274,536870912,274,205
834,185,536870913,185,205
834,136,536870914,136,205
834,137,268435456,137,206
834,186,268435457,186,206
834,274,268435458,274,206
834,273,536870912,273,206
834,185,536870913,185,206
834,136,536870914,136,206
834,136,268435456,136,207
834,186,268435457,186,207
834,274,268435458,274,207
834,305,268435459,305,207
834,306,268435460,306,207
834,305,536870912,305,207
834,304,536870913,304,207
834,273,536870914,273,207
834,185,536870915,185,207
834,135,536870916,135,207
