Frame,Part of frame,Layer,X,Y
3020,181,268435456,181,197
3020,270,268435457,270,197
3020,269,536870912,269,197
3020,180,536870913,180,197
3020,179,268435456,179,198
3020,269,268435457,269,198
3020,268,536870912,268,198
3020,178,536870913,178,198
3020,178,268435456,178,199
3020,267,268435457,267,199
3020,266,536870912,266,199
3020,177,536870913,177,199
3020,176,268435456,176,200
3020,266,268435457,266,200
3020,265,536870912,265,200
3020,175,536870913,175,200
3020,175,268435456,175,201
3020,264,268435457,264,201
3020,263,536870912,263,201
3020,174,536870913,174,201
3020,173,268435456,173,202
3020,260,268435457,260,202
3020,259,536870912,259,202
3020,172,536870913,172,202
3020,172,268435456,172,203
3020,260,268435457,260,203
3020,259,536870912,259,203
3020,171,536870913,171,203
3020,171,268435456,171,204
3020,261,268435457,261,204
3020,260,536870912,260,204
3020,170,536870913,170,204
3020,170,268435456,170,205
3020,261,268435457,261,205
3020,260,536870912,260,205
3020,169,536870913,169,205
3020,168,268435456,168,206
3020,262,268435457,262,206
3020,261,536870912,261,206
3020,167,536870913,167,206
3020,167,268435456,167,207
3020,262,268435457,262,207
3020,261,536870912,261,207
3020,166,536870913,166,207
3020,166,268435456,166,208
3020,262,268435457,262,208
3020,261,536870912,261,208
3020,165,536870913,165,208
3020,166,268435456,166,209
3020,263,268435457,263,209
3020,262,536870912,262,209
3020,165,536870913,165,209
3020,165,268435456,165,210
3020,263,268435457,263,210
3020,262,536870912,262,210
3020,164,536870913,164,210
3020,164,268435456,164,211
3020,264,268435457,264,211
3020,263,536870912,263,211
3020,163,536870913,163,211
3020,163,268435456,163,212
3020,264,268435457,264,212
3020,263,536870912,263,212
3020,162,536870913,162,212
3020,162,268435456,162,213
3020,264,268435457,264,213
3020,263,536870912,263,213
3020,161,536870913,161,213
3020,162,268435456,162,214
3020,265,268435457,265,214
3020,264,536870912,264,214
3020,161,536870913,161,214
3020,161,268435456,161,215
3020,265,268435457,265,215
3020,264,536870912,264,215
3020,160,536870913,160,215
3020,160,268435456,160,216
3020,265,268435457,265,216
3020,264,536870912,264,216
3020,159,536870913,159,216
3020,160,268435456,160,217
3020,266,268435457,266,217
3020,265,536870912,265,217
3020,159,536870913,159,217
3020,159,268435456,159,218
3020,266,268435457,266,218
3020,265,536870912,265,218
3020,158,536870913,158,218
3020,159,268435456,159,219
3020,267,268435457,267,219
3020,266,536870912,266,219
3020,158,536870913,158,219
3020,159,268435456,159,220
3020,268,268435457,268,220
3020,267,536870912,267,220
3020,158,536870913,158,220
3020,158,268435456,158,221
3020,269,268435457,269,221
3020,268,536870912,268,221
3020,157,536870913,157,221
3020,158,268435456,158,222
3020,270,268435457,270,222
3020,269,536870912,269,222
3020,157,536870913,157,222
3020,158,268435456,158,223
3020,271,268435457,271,223
3020,270,536870912,270,223
3020,157,536870913,157,223
3020,157,268435456,157,224
3020,272,268435457,272,224
3020,271,536870912,271,224
3020,156,536870913,156,224
3020,157,268435456,157,225
3020,273,268435457,273,225
3020,272,536870912,272,225
3020,156,536870913,156,225
3020,157,268435456,157,226
3020,274,268435457,274,226
3020,273,536870912,273,226
3020,156,536870913,156,226
3020,157,268435456,157,227
3020,275,268435457,275,227
3020,274,536870912,274,227
3020,156,536870913,156,227
3020,156,268435456,156,228
3020,276,268435457,276,228
3020,275,536870912,275,228
3020,155,536870913,155,228
3020,156,268435456,156,229
3020,277,268435457,277,229
3020,276,536870912,276,229
3020,155,536870913,155,229
3020,156,268435456,156,230
3020,277,268435457,277,230
3020,276,536870912,276,230
3020,155,536870913,155,230
3020,156,268435456,156,231
3020,278,268435457,278,231
3020,277,536870912,277,231
3020,155,536870913,155,231
3020,156,268435456,156,232
3020,279,268435457,279,232
3020,278,536870912,278,232
3020,155,536870913,155,232
3020,156,268435456,156,233
3020,280,268435457,280,233
3020,279,536870912,279,233
3020,155,536870913,155,233
3020,156,268435456,156,234
3020,281,268435457,281,234
3020,280,536870912,280,234
3020,155,536870913,155,234
3020,156,268435456,156,235
3020,282,268435457,282,235
3020,281,536870912,281,235
3020,155,536870913,155,235
3020,156,268435456,156,236
3020,282,268435457,282,236
3020,281,536870912,281,236
3020,155,536870913,155,236
3020,156,268435456,156,237
3020,283,268435457,283,237
3020,282,536870912,282,237
3020,155,536870913,155,237
3020,156,268435456,156,238
3020,284,268435457,284,238
3020,283,536870912,283,238
3020,155,536870913,155,238
3020,156,268435456,156,239
3020,284,268435457,284,239
3020,283,536870912,283,239
3020,155,536870913,155,239
3020,156,268435456,156,240
3020,285,268435457,285,240
3020,284,536870912,284,240
3020,155,536870913,155,240
3020,156,268435456,156,241
3020,285,268435457,285,241
3020,284,536870912,284,241
3020,155,536870913,155,241
3020,156,268435456,156,242
3020,286,268435457,286,242
3020,285,536870912,285,242
3020,155,536870913,155,242
3020,157,268435456,157,243
3020,286,268435457,286,243
3020,285,536870912,285,243
3020,156,536870913,156,243
3020,157,268435456,157,244
3020,287,268435457,287,244
3020,286,536870912,286,244
3020,156,536870913,156,244
3020,157,268435456,157,245
3020,287,268435457,287,245
3020,286,536870912,286,245
3020,156,536870913,156,245
3020,157,268435456,157,246
3020,287,268435457,287,246
3020,286,536870912,286,246
3020,156,536870913,156,246
3020,157,268435456,157,247
3020,288,268435457,288,247
3020,287,536870912,287,247
3020,156,536870913,156,247
3020,158,268435456,158,248
3020,288,268435457,288,248
3020,287,536870912,287,248
3020,157,536870913,157,248
3020,158,268435456,158,249
3020,289,268435457,289,249
3020,288,536870912,288,249
3020,157,536870913,157,249
3020,158,268435456,158,250
3020,289,268435457,289,250
3020,288,536870912,288,250
3020,157,536870913,157,250
3020,158,268435456,158,251
3020,289,268435457,289,251
3020,288,536870912,288,251
3020,157,536870913,157,251
3020,158,268435456,158,252
3020,290,268435457,290,252
3020,289,536870912,289,252
3020,157,536870913,157,252
3020,158,268435456,158,253
3020,290,268435457,290,253
3020,289,536870912,289,253
3020,157,536870913,157,253
3020,159,268435456,159,254
3020,290,268435457,290,254
3020,289,536870912,289,254
3020,158,536870913,158,254
3020,159,268435456,159,255
3020,290,268435457,290,255
3020,289,536870912,289,255
3020,158,536870913,158,255
3020,159,268435456,159,256
3020,291,268435457,291,256
3020,290,536870912,290,256
3020,158,536870913,158,256
3020,159,268435456,159,257
3020,291,268435457,291,257
3020,290,536870912,290,257
3020,158,536870913,158,257
3020,159,268435456,159,258
3020,291,268435457,291,258
3020,290,536870912,290,258
3020,158,536870913,158,258
3020,160,268435456,160,259
3020,291,268435457,291,259
3020,290,536870912,290,259
3020,159,536870913,159,259
3020,160,268435456,160,260
3020,291,268435457,291,260
3020,290,536870912,290,260
3020,159,536870913,159,260
3020,160,268435456,160,261
3020,291,268435457,291,261
3020,290,536870912,290,261
3020,159,536870913,159,261
3020,161,268435456,161,262
3020,291,268435457,291,262
3020,290,536870912,290,262
3020,160,536870913,160,262
3020,161,268435456,161,263
3020,291,268435457,291,263
3020,290,536870912,290,263
3020,160,536870913,160,263
3020,161,268435456,161,264
3020,291,268435457,291,264
3020,290,536870912,290,264
3020,160,536870913,160,264
3020,161,268435456,161,265
3020,291,268435457,291,265
3020,290,536870912,290,265
3020,160,536870913,160,265
3020,161,268435456,161,266
3020,290,268435457,290,266
3020,289,536870912,289,266
3020,160,536870913,160,266
3020,162,268435456,162,267
3020,290,268435457,290,267
3020,289,536870912,289,267
3020,161,536870913,161,267
3020,162,268435456,162,268
3020,290,268435457,290,268
3020,289,536870912,289,268
3020,161,536870913,161,268
3020,162,268435456,162,269
3020,290,268435457,290,269
3020,289,536870912,289,269
3020,161,536870913,161,269
3020,163,268435456,163,270
3020,290,268435457,290,270
3020,289,536870912,289,270
3020,162,536870913,162,270
3020,163,268435456,163,271
3020,289,268435457,289,271
3020,288,536870912,288,271
3020,162,536870913,162,271
3020,163,268435456,163,272
3020,289,268435457,289,272
3020,288,536870912,288,272
3020,162,536870913,162,272
3020,164,268435456,164,273
3020,289,268435457,289,273
3020,288,536870912,288,273
3020,163,536870913,163,273
3020,164,268435456,164,274
3020,288,268435457,288,274
3020,287,536870912,287,274
3020,163,536870913,163,274
3020,164,268435456,164,275
3020,288,268435457,288,275
3020,287,536870912,287,275
3020,163,536870913,163,275
3020,165,268435456,165,276
3020,288,268435457,288,276
3020,287,536870912,287,276
3020,164,536870913,164,276
3020,165,268435456,165,277
3020,288,268435457,288,277
3020,287,536870912,287,277
3020,164,536870913,164,277
3020,166,268435456,166,278
3020,288,268435457,288,278
3020,287,536870912,287,278
3020,165,536870913,165,278
3020,166,268435456,166,279
3020,288,268435457,288,279
3020,287,536870912,287,279
3020,165,536870913,165,279
3020,166,268435456,166,280
3020,288,268435457,288,280
3020,287,536870912,287,280
3020,165,536870913,165,280
3020,167,268435456,167,281
3020,289,268435457,289,281
3020,288,536870912,288,281
3020,166,536870913,166,281
3020,167,268435456,167,282
3020,289,268435457,289,282
3020,288,536870912,288,282
3020,166,536870913,166,282
3020,168,268435456,168,283
3020,289,268435457,289,283
3020,288,536870912,288,283
3020,167,536870913,167,283
3020,168,268435456,168,284
3020,289,268435457,289,284
3020,288,536870912,288,284
3020,167,536870913,167,284
3020,169,268435456,169,285
3020,288,268435457,288,285
3020,287,536870912,287,285
3020,168,536870913,168,285
3020,170,268435456,170,286
3020,288,268435457,288,286
3020,287,536870912,287,286
3020,169,536870913,169,286
3020,170,268435456,170,287
3020,287,268435457,287,287
3020,286,536870912,286,287
3020,169,536870913,169,287
3020,171,268435456,171,288
3020,287,268435457,287,288
3020,286,536870912,286,288
3020,170,536870913,170,288
3020,171,268435456,171,289
3020,286,268435457,286,289
3020,285,536870912,285,289
3020,170,536870913,170,289
3020,172,268435456,172,290
3020,286,268435457,286,290
3020,285,536870912,285,290
3020,171,536870913,171,290
3020,173,268435456,173,291
3020,285,268435457,285,291
3020,284,536870912,284,291
3020,172,536870913,172,291
3020,174,268435456,174,292
3020,284,268435457,284,292
3020,283,536870912,283,292
3020,173,536870913,173,292
3020,175,268435456,175,293
3020,284,268435457,284,293
3020,283,536870912,283,293
3020,174,536870913,174,293
3020,176,268435456,176,294
3020,283,268435457,283,294
3020,282,536870912,282,294
3020,175,536870913,175,294
3020,177,268435456,177,295
3020,283,268435457,283,295
3020,282,536870912,282,295
3020,176,536870913,176,295
3020,178,268435456,178,296
3020,284,268435457,284,296
3020,283,536870912,283,296
3020,177,536870913,177,296
3020,180,268435456,180,297
3020,284,268435457,284,297
3020,283,536870912,283,297
3020,179,536870913,179,297
3020,181,268435456,181,298
3020,285,268435457,285,298
3020,284,536870912,284,298
3020,180,536870913,180,298
3020,183,268435456,183,299
3020,285,268435457,285,299
3020,284,536870912,284,299
3020,182,536870913,182,299
3020,185,268435456,185,300
3020,286,268435457,286,300
3020,285,536870912,285,300
3020,184,536870913,184,300
3020,187,268435456,187,301
3020,268,268435457,268,301
3020,274,268435458,274,301
3020,286,268435459,286,301
3020,285,536870912,285,301
3020,273,536870913,273,301
3020,267,536870914,267,301
3020,186,536870915,186,301
3020,189,268435456,189,302
3020,264,268435457,264,302
3020,275,268435458,275,302
3020,286,268435459,286,302
3020,285,536870912,285,302
3020,274,536870913,274,302
3020,263,536870914,263,302
3020,188,536870915,188,302
3020,191,268435456,191,303
3020,261,268435457,261,303
3020,276,268435458,276,303
3020,287,268435459,287,303
3020,286,536870912,286,303
3020,275,536870913,275,303
3020,260,536870914,260,303
3020,190,536870915,190,303
3020,192,268435456,192,304
3020,260,268435457,260,304
3020,276,268435458,276,304
3020,287,268435459,287,304
3020,286,536870912,286,304
3020,275,536870913,275,304
3020,259,536870914,259,304
3020,191,536870915,191,304
3020,194,268435456,194,305
3020,199,268435457,199,305
3020,205,268435458,205,305
3020,259,268435459,259,305
3020,277,268435460,277,305
3020,288,268435461,288,305
3020,287,536870912,287,305
3020,276,536870913,276,305
3020,258,536870914,258,305
3020,204,536870915,204,305
3020,198,536870916,198,305
3020,193,536870917,193,305
3020,212,268435456,212,306
3020,259,268435457,259,306
3020,277,268435458,277,306
3020,288,268435459,288,306
3020,287,536870912,287,306
3020,276,536870913,276,306
3020,258,536870914,258,306
3020,211,536870915,211,306
3020,223,268435456,223,307
3020,259,268435457,259,307
3020,278,268435458,278,307
3020,289,268435459,289,307
3020,288,536870912,288,307
3020,277,536870913,277,307
3020,258,536870914,258,307
3020,222,536870915,222,307
3020,225,268435456,225,308
3020,249,268435457,249,308
3020,250,268435458,250,308
3020,259,268435459,259,308
3020,278,268435460,278,308
3020,289,268435461,289,308
3020,288,536870912,288,308
3020,277,536870913,277,308
3020,258,536870914,258,308
3020,249,536870915,249,308
3020,248,536870916,248,308
3020,224,536870917,224,308
3020,226,268435456,226,309
3020,249,268435457,249,309
3020,251,268435458,251,309
3020,259,268435459,259,309
3020,279,268435460,279,309
3020,290,268435461,290,309
3020,289,536870912,289,309
3020,278,536870913,278,309
3020,258,536870914,258,309
3020,250,536870915,250,309
3020,248,536870916,248,309
3020,225,536870917,225,309
3020,226,268435456,226,310
3020,249,268435457,249,310
3020,251,268435458,251,310
3020,260,268435459,260,310
3020,279,268435460,279,310
3020,290,268435461,290,310
3020,289,536870912,289,310
3020,278,536870913,278,310
3020,259,536870914,259,310
3020,250,536870915,250,310
3020,248,536870916,248,310
3020,225,536870917,225,310
3020,226,268435456,226,311
3020,249,268435457,249,311
3020,252,268435458,252,311
3020,260,268435459,260,311
3020,280,268435460,280,311
3020,291,268435461,291,311
3020,290,536870912,290,311
3020,279,536870913,279,311
3020,259,536870914,259,311
3020,251,536870915,251,311
3020,248,536870916,248,311
3020,225,536870917,225,311
3020,226,268435456,226,312
3020,250,268435457,250,312
3020,252,268435458,252,312
3020,260,268435459,260,312
3020,280,268435460,280,312
3020,291,268435461,291,312
3020,290,536870912,290,312
3020,279,536870913,279,312
3020,259,536870914,259,312
3020,251,536870915,251,312
3020,249,536870916,249,312
3020,225,536870917,225,312
3020,227,268435456,227,313
3020,250,268435457,250,313
3020,252,268435458,252,313
3020,261,268435459,261,313
3020,281,268435460,281,313
3020,291,268435461,291,313
3020,290,536870912,290,313
3020,280,536870913,280,313
3020,260,536870914,260,313
3020,251,536870915,251,313
3020,249,536870916,249,313
3020,226,536870917,226,313
3020,227,268435456,227,314
3020,249,268435457,249,314
3020,252,268435458,252,314
3020,261,268435459,261,314
3020,281,268435460,281,314
3020,292,268435461,292,314
3020,291,536870912,291,314
3020,280,536870913,280,314
3020,260,536870914,260,314
3020,251,536870915,251,314
3020,248,536870916,248,314
3020,226,536870917,226,314
3020,227,268435456,227,315
3020,250,268435457,250,315
3020,253,268435458,253,315
3020,261,268435459,261,315
3020,282,268435460,282,315
3020,293,268435461,293,315
3020,292,536870912,292,315
3020,281,536870913,281,315
3020,260,536870914,260,315
3020,252,536870915,252,315
3020,249,536870916,249,315
3020,226,536870917,226,315
3020,227,268435456,227,316
3020,250,268435457,250,316
3020,253,268435458,253,316
3020,261,268435459,261,316
3020,282,268435460,282,316
3020,293,268435461,293,316
3020,292,536870912,292,316
3020,281,536870913,281,316
3020,260,536870914,260,316
3020,252,536870915,252,316
3020,249,536870916,249,316
3020,226,536870917,226,316
3020,228,268435456,228,317
3020,250,268435457,250,317
3020,253,268435458,253,317
3020,262,268435459,262,317
3020,282,268435460,282,317
3020,294,268435461,294,317
3020,293,536870912,293,317
3020,281,536870913,281,317
3020,261,536870914,261,317
3020,252,536870915,252,317
3020,249,536870916,249,317
3020,227,536870917,227,317
3020,228,268435456,228,318
3020,250,268435457,250,318
3020,254,268435458,254,318
3020,262,268435459,262,318
3020,283,268435460,283,318
3020,294,268435461,294,318
3020,293,536870912,293,318
3020,282,536870913,282,318
3020,261,536870914,261,318
3020,253,536870915,253,318
3020,249,536870916,249,318
3020,227,536870917,227,318
3020,228,268435456,228,319
3020,250,268435457,250,319
3020,254,268435458,254,319
3020,262,268435459,262,319
3020,283,268435460,283,319
3020,294,268435461,294,319
3020,293,536870912,293,319
3020,282,536870913,282,319
3020,261,536870914,261,319
3020,253,536870915,253,319
3020,249,536870916,249,319
3020,227,536870917,227,319
3020,228,268435456,228,320
3020,249,268435457,249,320
3020,254,268435458,254,320
3020,263,268435459,263,320
3020,284,268435460,284,320
3020,295,268435461,295,320
3020,294,536870912,294,320
3020,283,536870913,283,320
3020,262,536870914,262,320
3020,253,536870915,253,320
3020,248,536870916,248,320
3020,227,536870917,227,320
3020,228,268435456,228,321
3020,249,268435457,249,321
3020,255,268435458,255,321
3020,263,268435459,263,321
3020,284,268435460,284,321
3020,295,268435461,295,321
3020,294,536870912,294,321
3020,283,536870913,283,321
3020,262,536870914,262,321
3020,254,536870915,254,321
3020,248,536870916,248,321
3020,227,536870917,227,321
3020,229,268435456,229,322
3020,249,268435457,249,322
3020,255,268435458,255,322
3020,263,268435459,263,322
3020,285,268435460,285,322
3020,296,268435461,296,322
3020,295,536870912,295,322
3020,284,536870913,284,322
3020,262,536870914,262,322
3020,254,536870915,254,322
3020,248,536870916,248,322
3020,228,536870917,228,322
3020,229,268435456,229,323
3020,248,268435457,248,323
3020,255,268435458,255,323
3020,263,268435459,263,323
3020,285,268435460,285,323
3020,296,268435461,296,323
3020,295,536870912,295,323
3020,284,536870913,284,323
3020,262,536870914,262,323
3020,254,536870915,254,323
3020,247,536870916,247,323
3020,228,536870917,228,323
3020,230,268435456,230,324
3020,248,268435457,248,324
3020,255,268435458,255,324
3020,264,268435459,264,324
3020,286,268435460,286,324
3020,297,268435461,297,324
3020,296,536870912,296,324
3020,285,536870913,285,324
3020,263,536870914,263,324
3020,254,536870915,254,324
3020,247,536870916,247,324
3020,229,536870917,229,324
3020,230,268435456,230,325
3020,247,268435457,247,325
3020,256,268435458,256,325
3020,264,268435459,264,325
3020,286,268435460,286,325
3020,297,268435461,297,325
3020,296,536870912,296,325
3020,285,536870913,285,325
3020,263,536870914,263,325
3020,255,536870915,255,325
3020,246,536870916,246,325
3020,229,536870917,229,325
3020,231,268435456,231,326
3020,246,268435457,246,326
3020,256,268435458,256,326
3020,264,268435459,264,326
3020,287,268435460,287,326
3020,298,268435461,298,326
3020,297,536870912,297,326
3020,286,536870913,286,326
3020,263,536870914,263,326
3020,255,536870915,255,326
3020,245,536870916,245,326
3020,230,536870917,230,326
3020,232,268435456,232,327
3020,245,268435457,245,327
3020,256,268435458,256,327
3020,264,268435459,264,327
3020,287,268435460,287,327
3020,298,268435461,298,327
3020,297,536870912,297,327
3020,286,536870913,286,327
3020,263,536870914,263,327
3020,255,536870915,255,327
3020,244,536870916,244,327
3020,231,536870917,231,327
3020,233,268435456,233,328
3020,243,268435457,243,328
3020,256,268435458,256,328
3020,265,268435459,265,328
3020,288,268435460,288,328
3020,299,268435461,299,328
3020,298,536870912,298,328
3020,287,536870913,287,328
3020,264,536870914,264,328
3020,255,536870915,255,328
3020,242,536870916,242,328
3020,232,536870917,232,328
3020,235,268435456,235,329
3020,241,268435457,241,329
3020,257,268435458,257,329
3020,265,268435459,265,329
3020,288,268435460,288,329
3020,299,268435461,299,329
3020,298,536870912,298,329
3020,287,536870913,287,329
3020,264,536870914,264,329
3020,256,536870915,256,329
3020,240,536870916,240,329
3020,234,536870917,234,329
3020,257,268435456,257,330
3020,265,268435457,265,330
3020,288,268435458,288,330
3020,300,268435459,300,330
3020,299,536870912,299,330
3020,287,536870913,287,330
3020,264,536870914,264,330
3020,256,536870915,256,330
3020,257,268435456,257,331
3020,266,268435457,266,331
3020,289,268435458,289,331
3020,300,268435459,300,331
3020,299,536870912,299,331
3020,288,536870913,288,331
3020,265,536870914,265,331
3020,256,536870915,256,331
3020,257,268435456,257,332
3020,266,268435457,266,332
3020,289,268435458,289,332
3020,301,268435459,301,332
3020,300,536870912,300,332
3020,288,536870913,288,332
3020,265,536870914,265,332
3020,256,536870915,256,332
3020,258,268435456,258,333
3020,266,268435457,266,333
3020,290,268435458,290,333
3020,301,268435459,301,333
3020,300,536870912,300,333
3020,289,536870913,289,333
3020,265,536870914,265,333
3020,257,536870915,257,333
3020,258,268435456,258,334
3020,266,268435457,266,334
3020,290,268435458,290,334
3020,302,268435459,302,334
3020,301,536870912,301,334
3020,289,536870913,289,334
3020,265,536870914,265,334
3020,257,536870915,257,334
3020,258,268435456,258,335
3020,266,268435457,266,335
3020,291,268435458,291,335
3020,302,268435459,302,335
3020,301,536870912,301,335
3020,290,536870913,290,335
3020,265,536870914,265,335
3020,257,536870915,257,335
3020,259,268435456,259,336
3020,267,268435457,267,336
3020,291,268435458,291,336
3020,302,268435459,302,336
3020,301,536870912,301,336
3020,290,536870913,290,336
3020,266,536870914,266,336
3020,258,536870915,258,336
3020,259,268435456,259,337
3020,267,268435457,267,337
3020,292,268435458,292,337
3020,303,268435459,303,337
3020,302,536870912,302,337
3020,291,536870913,291,337
3020,266,536870914,266,337
3020,258,536870915,258,337
3020,259,268435456,259,338
3020,267,268435457,267,338
3020,292,268435458,292,338
3020,303,268435459,303,338
3020,302,536870912,302,338
3020,291,536870913,291,338
3020,266,536870914,266,338
3020,258,536870915,258,338
3020,259,268435456,259,339
3020,268,268435457,268,339
3020,293,268435458,293,339
3020,304,268435459,304,339
3020,303,536870912,303,339
3020,292,536870913,292,339
3020,267,536870914,267,339
3020,258,536870915,258,339
3020,260,268435456,260,340
3020,268,268435457,268,340
3020,293,268435458,293,340
3020,304,268435459,304,340
3020,303,536870912,303,340
3020,292,536870913,292,340
3020,267,536870914,267,340
3020,259,536870915,259,340
3020,260,268435456,260,341
3020,268,268435457,268,341
3020,294,268435458,294,341
3020,305,268435459,305,341
3020,304,536870912,304,341
3020,293,536870913,293,341
3020,267,536870914,267,341
3020,259,536870915,259,341
3020,260,268435456,260,342
3020,268,268435457,268,342
3020,294,268435458,294,342
3020,305,268435459,305,342
3020,304,536870912,304,342
3020,293,536870913,293,342
3020,267,536870914,267,342
3020,259,536870915,259,342
3020,260,268435456,260,343
3020,269,268435457,269,343
3020,294,268435458,294,343
3020,306,268435459,306,343
3020,305,536870912,305,343
3020,293,536870913,293,343
3020,268,536870914,268,343
3020,259,536870915,259,343
3020,261,268435456,261,344
3020,269,268435457,269,344
3020,295,268435458,295,344
3020,306,268435459,306,344
3020,305,536870912,305,344
3020,294,536870913,294,344
3020,268,536870914,268,344
3020,260,536870915,260,344
3020,261,268435456,261,345
3020,269,268435457,269,345
3020,295,268435458,295,345
3020,307,268435459,307,345
3020,306,536870912,306,345
3020,294,536870913,294,345
3020,268,536870914,268,345
3020,260,536870915,260,345
3020,261,268435456,261,346
3020,270,268435457,270,346
3020,296,268435458,296,346
3020,307,268435459,307,346
3020,306,536870912,306,346
3020,295,536870913,295,346
3020,269,536870914,269,346
3020,260,536870915,260,346
3020,262,268435456,262,347
3020,270,268435457,270,347
3020,296,268435458,296,347
3020,308,268435459,308,347
3020,307,536870912,307,347
3020,295,536870913,295,347
3020,269,536870914,269,347
3020,261,536870915,261,347
3020,262,268435456,262,348
3020,270,268435457,270,348
3020,297,268435458,297,348
3020,308,268435459,308,348
3020,307,536870912,307,348
3020,296,536870913,296,348
3020,269,536870914,269,348
3020,261,536870915,261,348
3020,262,268435456,262,349
3020,270,268435457,270,349
3020,297,268435458,297,349
3020,309,268435459,309,349
3020,308,536870912,308,349
3020,296,536870913,296,349
3020,269,536870914,269,349
3020,261,536870915,261,349
3020,262,268435456,262,350
3020,271,268435457,271,350
3020,297,268435458,297,350
3020,309,268435459,309,350
3020,308,536870912,308,350
3020,296,536870913,296,350
3020,270,536870914,270,350
3020,261,536870915,261,350
3020,263,268435456,263,351
3020,271,268435457,271,351
3020,298,268435458,298,351
3020,310,268435459,310,351
3020,309,536870912,309,351
3020,297,536870913,297,351
3020,270,536870914,270,351
3020,262,536870915,262,351
3020,263,268435456,263,352
3020,271,268435457,271,352
3020,298,268435458,298,352
3020,310,268435459,310,352
3020,309,536870912,309,352
3020,297,536870913,297,352
3020,270,536870914,270,352
3020,262,536870915,262,352
3020,263,268435456,263,353
3020,272,268435457,272,353
3020,299,268435458,299,353
3020,310,268435459,310,353
3020,309,536870912,309,353
3020,298,536870913,298,353
3020,271,536870914,271,353
3020,262,536870915,262,353
3020,264,268435456,264,354
3020,272,268435457,272,354
3020,299,268435458,299,354
3020,311,268435459,311,354
3020,310,536870912,310,354
3020,298,536870913,298,354
3020,271,536870914,271,354
3020,263,536870915,263,354
3020,264,268435456,264,355
3020,272,268435457,272,355
3020,300,268435458,300,355
3020,311,268435459,311,355
3020,310,536870912,310,355
3020,299,536870913,299,355
3020,271,536870914,271,355
3020,263,536870915,263,355
3020,264,268435456,264,356
3020,272,268435457,272,356
3020,300,268435458,300,356
3020,312,268435459,312,356
3020,311,536870912,311,356
3020,299,536870913,299,356
3020,271,536870914,271,356
3020,263,536870915,263,356
3020,264,268435456,264,357
3020,273,268435457,273,357
3020,301,268435458,301,357
3020,312,268435459,312,357
3020,311,536870912,311,357
3020,300,536870913,300,357
3020,272,536870914,272,357
3020,263,536870915,263,357
3020,264,268435456,264,358
3020,273,268435457,273,358
3020,301,268435458,301,358
3020,313,268435459,313,358
3020,312,536870912,312,358
3020,300,536870913,300,358
3020,272,536870914,272,358
3020,263,536870915,263,358
3020,265,268435456,265,359
3020,273,268435457,273,359
3020,301,268435458,301,359
3020,313,268435459,313,359
3020,312,536870912,312,359
3020,300,536870913,300,359
3020,272,536870914,272,359
3020,264,536870915,264,359
3020,0,805306368,0,162
3020,0,805306369,0,170
3020,0,1073741824,0,169
3020,0,1073741825,0,161
3020,1,805306368,1,162
3020,1,805306369,1,170
3020,1,1073741824,1,169
3020,1,1073741825,1,161
3020,2,805306368,2,162
3020,2,805306369,2,170
3020,2,1073741824,2,169
3020,2,1073741825,2,161
3020,3,805306368,3,162
3020,3,805306369,3,170
3020,3,1073741824,3,169
3020,3,1073741825,3,161
3020,4,805306368,4,162
3020,4,805306369,4,170
3020,4,1073741824,4,169
3020,4,1073741825,4,161
3020,5,805306368,5,162
3020,5,805306369,5,170
3020,5,1073741824,5,169
3020,5,1073741825,5,161
3020,6,805306368,6,162
3020,6,805306369,6,170
3020,6,1073741824,6,169
3020,6,1073741825,6,161
3020,7,805306368,7,162
3020,7,805306369,7,170
3020,7,1073741824,7,169
3020,7,1073741825,7,161
3020,8,805306368,8,162
3020,8,805306369,8,170
3020,8,1073741824,8,169
3020,8,1073741825,8,161
3020,9,805306368,9,162
3020,9,805306369,9,170
3020,9,1073741824,9,169
3020,9,1073741825,9,161
3020,10,805306368,10,162
3020,10,805306369,10,170
3020,10,1073741824,10,169
3020,10,1073741825,10,161
3020,11,805306368,11,162
3020,11,805306369,11,170
3020,11,1073741824,11,169
3020,11,1073741825,11,161
3020,12,805306368,12,162
3020,12,805306369,12,170
3020,12,1073741824,12,169
3020,12,1073741825,12,161
3020,13,805306368,13,162
3020,13,805306369,13,170
3020,13,1073741824,13,169
3020,13,1073741825,13,161
3020,14,805306368,14,162
3020,14,805306369,14,170
3020,14,1073741824,14,169
3020,14,1073741825,14,161
3020,15,805306368,15,162
3020,15,805306369,15,170
3020,15,1073741824,15,169
3020,15,1073741825,15,161
3020,16,805306368,16,162
3020,16,805306369,16,170
3020,16,1073741824,16,169
3020,16,1073741825,16,161
3020,17,805306368,17,162
3020,17,805306369,17,170
3020,17,1073741824,17,169
3020,17,1073741825,17,161
3020,18,805306368,18,162
3020,18,805306369,18,170
3020,18,1073741824,18,169
3020,18,1073741825,18,161
3020,19,805306368,19,162
3020,19,805306369,19,170
3020,19,1073741824,19,169
3020,19,1073741825,19,161
3020,20,805306368,20,162
3020,20,805306369,20,170
3020,20,1073741824,20,169
3020,20,1073741825,20,161
3020,21,805306368,21,162
3020,21,805306369,21,170
3020,21,1073741824,21,169
3020,21,1073741825,21,161
3020,22,805306368,22,162
3020,22,805306369,22,170
3020,22,1073741824,22,169
3020,22,1073741825,22,161
3020,23,805306368,23,162
3020,23,805306369,23,170
3020,23,1073741824,23,169
3020,23,1073741825,23,161
3020,24,805306368,24,162
3020,24,805306369,24,170
3020,24,1073741824,24,169
3020,24,1073741825,24,161
3020,25,805306368,25,162
3020,25,805306369,25,170
3020,25,1073741824,25,169
3020,25,1073741825,25,161
3020,26,805306368,26,162
3020,26,805306369,26,170
3020,26,1073741824,26,169
3020,26,1073741825,26,161
3020,27,805306368,27,162
3020,27,805306369,27,170
3020,27,1073741824,27,169
3020,27,1073741825,27,161
3020,28,805306368,28,162
3020,28,805306369,28,170
3020,28,1073741824,28,169
3020,28,1073741825,28,161
3020,29,805306368,29,162
3020,29,805306369,29,170
3020,29,1073741824,29,169
3020,29,1073741825,29,161
3020,30,805306368,30,162
3020,30,805306369,30,170
3020,30,1073741824,30,169
3020,30,1073741825,30,161
3020,31,805306368,31,162
3020,31,805306369,31,170
3020,31,1073741824,31,169
3020,31,1073741825,31,161
3020,32,805306368,32,162
3020,32,805306369,32,170
3020,32,1073741824,32,169
3020,32,1073741825,32,161
3020,33,805306368,33,162
3020,33,805306369,33,170
3020,33,1073741824,33,169
3020,33,1073741825,33,161
3020,34,805306368,34,162
3020,34,805306369,34,170
3020,34,1073741824,34,169
3020,34,1073741825,34,161
3020,35,805306368,35,162
3020,35,805306369,35,170
3020,35,1073741824,35,169
3020,35,1073741825,35,161
3020,36,805306368,36,162
3020,36,805306369,36,170
3020,36,1073741824,36,169
3020,36,1073741825,36,161
3020,37,805306368,37,162
3020,37,805306369,37,170
3020,37,1073741824,37,169
3020,37,1073741825,37,161
3020,38,805306368,38,162
3020,38,805306369,38,170
3020,38,1073741824,38,169
3020,38,1073741825,38,161
3020,39,805306368,39,162
3020,39,805306369,39,170
3020,39,1073741824,39,169
3020,39,1073741825,39,161
3020,40,805306368,40,162
3020,40,805306369,40,170
3020,40,1073741824,40,169
3020,40,1073741825,40,161
3020,41,805306368,41,162
3020,41,805306369,41,170
3020,41,1073741824,41,169
3020,41,1073741825,41,161
3020,42,805306368,42,162
3020,42,805306369,42,170
3020,42,1073741824,42,169
3020,42,1073741825,42,161
3020,43,805306368,43,162
3020,43,805306369,43,170
3020,43,1073741824,43,169
3020,43,1073741825,43,161
3020,44,805306368,44,162
3020,44,805306369,44,170
3020,44,1073741824,44,169
3020,44,1073741825,44,161
3020,45,805306368,45,162
3020,45,805306369,45,170
3020,45,1073741824,45,169
3020,45,1073741825,45,161
3020,46,805306368,46,162
3020,46,805306369,46,170
3020,46,1073741824,46,169
3020,46,1073741825,46,161
3020,47,805306368,47,162
3020,47,805306369,47,170
3020,47,1073741824,47,169
3020,47,1073741825,47,161
3020,48,805306368,48,162
3020,48,805306369,48,170
3020,48,1073741824,48,169
3020,48,1073741825,48,161
3020,49,805306368,49,162
3020,49,805306369,49,170
3020,49,1073741824,49,169
3020,49,1073741825,49,161
3020,50,805306368,50,162
3020,50,805306369,50,170
3020,50,1073741824,50,169
3020,50,1073741825,50,161
3020,51,805306368,51,162
3020,51,805306369,51,170
3020,51,1073741824,51,169
3020,51,1073741825,51,161
3020,52,805306368,52,162
3020,52,805306369,52,170
3020,52,1073741824,52,169
3020,52,1073741825,52,161
3020,53,805306368,53,162
3020,53,805306369,53,170
3020,53,1073741824,53,169
3020,53,1073741825,53,161
3020,54,805306368,54,162
3020,54,805306369,54,170
3020,54,1073741824,54,169
3020,54,1073741825,54,161
3020,55,805306368,55,162
3020,55,805306369,55,170
3020,55,1073741824,55,169
3020,55,1073741825,55,161
3020,56,805306368,56,162
3020,56,805306369,56,170
3020,56,1073741824,56,169
3020,56,1073741825,56,161
3020,57,805306368,57,162
3020,57,805306369,57,170
3020,57,1073741824,57,169
3020,57,1073741825,57,161
3020,58,805306368,58,162
3020,58,805306369,58,170
3020,58,1073741824,58,169
3020,58,1073741825,58,161
3020,59,805306368,59,162
3020,59,805306369,59,170
3020,59,1073741824,59,169
3020,59,1073741825,59,161
3020,60,805306368,60,162
3020,60,805306369,60,170
3020,60,1073741824,60,169
3020,60,1073741825,60,161
3020,61,805306368,61,162
3020,61,805306369,61,170
3020,61,1073741824,61,169
3020,61,1073741825,61,161
3020,62,805306368,62,162
3020,62,805306369,62,170
3020,62,1073741824,62,169
3020,62,1073741825,62,161
3020,63,805306368,63,162
3020,63,805306369,63,170
3020,63,1073741824,63,169
3020,63,1073741825,63,161
3020,64,805306368,64,162
3020,64,805306369,64,170
3020,64,1073741824,64,169
3020,64,1073741825,64,161
3020,65,805306368,65,162
3020,65,805306369,65,170
3020,65,1073741824,65,169
3020,65,1073741825,65,161
3020,66,805306368,66,162
3020,66,805306369,66,170
3020,66,1073741824,66,169
3020,66,1073741825,66,161
3020,67,805306368,67,162
3020,67,805306369,67,170
3020,67,1073741824,67,169
3020,67,1073741825,67,161
3020,68,805306368,68,162
3020,68,805306369,68,170
3020,68,1073741824,68,169
3020,68,1073741825,68,161
3020,69,805306368,69,162
3020,69,805306369,69,170
3020,69,1073741824,69,169
3020,69,1073741825,69,161
3020,70,805306368,70,162
3020,70,805306369,70,170
3020,70,1073741824,70,169
3020,70,1073741825,70,161
3020,71,805306368,71,162
3020,71,805306369,71,170
3020,71,1073741824,71,169
3020,71,1073741825,71,161
3020,72,805306368,72,162
3020,72,805306369,72,170
3020,72,1073741824,72,169
3020,72,1073741825,72,161
3020,73,805306368,73,162
3020,73,805306369,73,170
3020,73,1073741824,73,169
3020,73,1073741825,73,161
3020,74,805306368,74,162
3020,74,805306369,74,170
3020,74,1073741824,74,169
3020,74,1073741825,74,161
3020,75,805306368,75,162
3020,75,805306369,75,170
3020,75,1073741824,75,169
3020,75,1073741825,75,161
3020,76,805306368,76,162
3020,76,805306369,76,170
3020,76,1073741824,76,169
3020,76,1073741825,76,161
3020,77,805306368,77,162
3020,77,805306369,77,170
3020,77,1073741824,77,169
3020,77,1073741825,77,161
3020,78,805306368,78,162
3020,78,805306369,78,170
3020,78,1073741824,78,169
3020,78,1073741825,78,161
3020,79,805306368,79,162
3020,79,805306369,79,170
3020,79,1073741824,79,169
3020,79,1073741825,79,161
3020,80,805306368,80,162
3020,80,805306369,80,170
3020,80,1073741824,80,169
3020,80,1073741825,80,161
3020,81,805306368,81,162
3020,81,805306369,81,170
3020,81,1073741824,81,169
3020,81,1073741825,81,161
3020,82,805306368,82,162
3020,82,805306369,82,170
3020,82,1073741824,82,169
3020,82,1073741825,82,161
3020,83,805306368,83,162
3020,83,805306369,83,170
3020,83,1073741824,83,169
3020,83,1073741825,83,161
3020,84,805306368,84,162
3020,84,805306369,84,170
3020,84,1073741824,84,169
3020,84,1073741825,84,161
3020,85,805306368,85,162
3020,85,805306369,85,170
3020,85,1073741824,85,169
3020,85,1073741825,85,161
3020,86,805306368,86,162
3020,86,805306369,86,170
3020,86,1073741824,86,169
3020,86,1073741825,86,161
3020,87,805306368,87,162
3020,87,805306369,87,170
3020,87,1073741824,87,169
3020,87,1073741825,87,161
3020,88,805306368,88,162
3020,88,805306369,88,170
3020,88,1073741824,88,169
3020,88,1073741825,88,161
3020,89,805306368,89,162
3020,89,805306369,89,170
3020,89,1073741824,89,169
3020,89,1073741825,89,161
3020,90,805306368,90,162
3020,90,805306369,90,170
3020,90,1073741824,90,169
3020,90,1073741825,90,161
3020,91,805306368,91,162
3020,91,805306369,91,170
3020,91,1073741824,91,169
3020,91,1073741825,91,161
3020,92,805306368,92,162
3020,92,805306369,92,170
3020,92,1073741824,92,169
3020,92,1073741825,92,161
3020,93,805306368,93,162
3020,93,805306369,93,170
3020,93,1073741824,93,169
3020,93,1073741825,93,161
3020,94,805306368,94,162
3020,94,805306369,94,170
3020,94,1073741824,94,169
3020,94,1073741825,94,161
3020,95,805306368,95,162
3020,95,805306369,95,170
3020,95,1073741824,95,169
3020,95,1073741825,95,161
3020,96,805306368,96,162
3020,96,805306369,96,170
3020,96,1073741824,96,169
3020,96,1073741825,96,161
3020,97,805306368,97,162
3020,97,805306369,97,170
3020,97,1073741824,97,169
3020,97,1073741825,97,161
3020,98,805306368,98,162
3020,98,805306369,98,170
3020,98,1073741824,98,169
3020,98,1073741825,98,161
3020,99,805306368,99,162
3020,99,805306369,99,170
3020,99,1073741824,99,169
3020,99,1073741825,99,161
3020,100,805306368,100,162
3020,100,805306369,100,170
3020,100,1073741824,100,169
3020,100,1073741825,100,161
3020,101,805306368,101,162
3020,101,805306369,101,170
3020,101,1073741824,101,169
3020,101,1073741825,101,161
3020,102,805306368,102,162
3020,102,805306369,102,170
3020,102,1073741824,102,169
3020,102,1073741825,102,161
3020,103,805306368,103,162
3020,103,805306369,103,170
3020,103,1073741824,103,169
3020,103,1073741825,103,161
3020,104,805306368,104,162
3020,104,805306369,104,170
3020,104,1073741824,104,169
3020,104,1073741825,104,161
3020,105,805306368,105,162
3020,105,805306369,105,170
3020,105,1073741824,105,169
3020,105,1073741825,105,161
3020,106,805306368,106,162
3020,106,805306369,106,170
3020,106,1073741824,106,169
3020,106,1073741825,106,161
3020,107,805306368,107,162
3020,107,805306369,107,170
3020,107,1073741824,107,169
3020,107,1073741825,107,161
3020,108,805306368,108,162
3020,108,805306369,108,170
3020,108,1073741824,108,169
3020,108,1073741825,108,161
3020,109,805306368,109,162
3020,109,805306369,109,170
3020,109,1073741824,109,169
3020,109,1073741825,109,161
3020,110,805306368,110,162
3020,110,805306369,110,170
3020,110,1073741824,110,169
3020,110,1073741825,110,161
3020,111,805306368,111,162
3020,111,805306369,111,170
3020,111,1073741824,111,169
3020,111,1073741825,111,161
3020,112,805306368,112,162
3020,112,805306369,112,170
3020,112,1073741824,112,169
3020,112,1073741825,112,161
3020,113,805306368,113,162
3020,113,805306369,113,170
3020,113,1073741824,113,169
3020,113,1073741825,113,161
3020,114,805306368,114,162
3020,114,805306369,114,170
3020,114,1073741824,114,169
3020,114,1073741825,114,161
3020,115,805306368,115,162
3020,115,805306369,115,170
3020,115,1073741824,115,169
3020,115,1073741825,115,161
3020,116,805306368,116,162
3020,116,805306369,116,170
3020,116,1073741824,116,169
3020,116,1073741825,116,161
3020,117,805306368,117,162
3020,117,805306369,117,170
3020,117,1073741824,117,169
3020,117,1073741825,117,161
3020,118,805306368,118,162
3020,118,805306369,118,170
3020,118,1073741824,118,169
3020,118,1073741825,118,161
3020,119,805306368,119,162
3020,119,805306369,119,170
3020,119,1073741824,119,169
3020,119,1073741825,119,161
3020,120,805306368,120,162
3020,120,805306369,120,170
3020,120,1073741824,120,169
3020,120,1073741825,120,161
3020,121,805306368,121,162
3020,121,805306369,121,170
3020,121,1073741824,121,169
3020,121,1073741825,121,161
3020,122,805306368,122,162
3020,122,805306369,122,170
3020,122,1073741824,122,169
3020,122,1073741825,122,161
3020,123,805306368,123,162
3020,123,805306369,123,170
3020,123,1073741824,123,169
3020,123,1073741825,123,161
3020,124,805306368,124,162
3020,124,805306369,124,170
3020,124,1073741824,124,169
3020,124,1073741825,124,161
3020,125,805306368,125,162
3020,125,805306369,125,170
3020,125,1073741824,125,169
3020,125,1073741825,125,161
3020,126,805306368,126,162
3020,126,805306369,126,170
3020,126,1073741824,126,169
3020,126,1073741825,126,161
3020,127,805306368,127,162
3020,127,805306369,127,170
3020,127,1073741824,127,169
3020,127,1073741825,127,161
3020,128,805306368,128,162
3020,128,805306369,128,170
3020,128,1073741824,128,169
3020,128,1073741825,128,161
3020,129,805306368,129,162
3020,129,805306369,129,170
3020,129,1073741824,129,169
3020,129,1073741825,129,161
3020,130,805306368,130,162
3020,130,805306369,130,170
3020,130,1073741824,130,169
3020,130,1073741825,130,161
3020,131,805306368,131,162
3020,131,805306369,131,170
3020,131,1073741824,131,169
3020,131,1073741825,131,161
3020,132,805306368,132,162
3020,132,805306369,132,170
3020,132,1073741824,132,169
3020,132,1073741825,132,161
3020,133,805306368,133,162
3020,133,805306369,133,170
3020,133,1073741824,133,169
3020,133,1073741825,133,161
3020,134,805306368,134,162
3020,134,805306369,134,170
3020,134,1073741824,134,169
3020,134,1073741825,134,161
3020,135,805306368,135,162
3020,135,805306369,135,170
3020,135,1073741824,135,169
3020,135,1073741825,135,161
3020,136,805306368,136,162
3020,136,805306369,136,170
3020,136,1073741824,136,169
3020,136,1073741825,136,161
3020,137,805306368,137,162
3020,137,805306369,137,170
3020,137,1073741824,137,169
3020,137,1073741825,137,161
3020,138,805306368,138,162
3020,138,805306369,138,170
3020,138,1073741824,138,169
3020,138,1073741825,138,161
3020,139,805306368,139,162
3020,139,805306369,139,170
3020,139,1073741824,139,169
3020,139,1073741825,139,161
3020,140,805306368,140,162
3020,140,805306369,140,170
3020,140,1073741824,140,169
3020,140,1073741825,140,161
3020,141,805306368,141,162
3020,141,805306369,141,170
3020,141,1073741824,141,169
3020,141,1073741825,141,161
3020,142,805306368,142,162
3020,142,805306369,142,170
3020,142,1073741824,142,169
3020,142,1073741825,142,161
3020,143,805306368,143,162
3020,143,805306369,143,170
3020,143,1073741824,143,169
3020,143,1073741825,143,161
3020,144,805306368,144,162
3020,144,805306369,144,170
3020,144,1073741824,144,169
3020,144,1073741825,144,161
3020,145,805306368,145,162
3020,145,805306369,145,170
3020,145,1073741824,145,169
3020,145,1073741825,145,161
3020,146,805306368,146,162
3020,146,805306369,146,170
3020,146,1073741824,146,169
3020,146,1073741825,146,161
3020,147,805306368,147,162
3020,147,805306369,147,170
3020,147,1073741824,147,169
3020,147,1073741825,147,161
3020,148,805306368,148,162
3020,148,805306369,148,170
3020,148,1073741824,148,169
3020,148,1073741825,148,161
3020,149,805306368,149,162
3020,149,805306369,149,170
3020,149,1073741824,149,169
3020,149,1073741825,149,161
3020,150,805306368,150,162
3020,150,805306369,150,170
3020,150,1073741824,150,169
3020,150,1073741825,150,161
3020,151,805306368,151,162
3020,151,805306369,151,170
3020,151,1073741824,151,169
3020,151,1073741825,151,161
3020,152,805306368,152,162
3020,152,805306369,152,170
3020,152,1073741824,152,169
3020,152,1073741825,152,161
3020,153,805306368,153,162
3020,153,805306369,153,170
3020,153,1073741824,153,169
3020,153,1073741825,153,161
3020,154,805306368,154,162
3020,154,805306369,154,170
3020,154,1073741824,154,169
3020,154,1073741825,154,161
3020,155,805306368,155,162
3020,155,805306369,155,170
3020,155,1073741824,155,169
3020,155,1073741825,155,161
3020,156,805306368,156,162
3020,156,805306369,156,170
3020,156,805306370,156,228
3020,156,805306371,156,243
3020,156,1073741824,156,242
3020,156,1073741825,156,227
3020,156,1073741826,156,169
3020,156,1073741827,156,161
3020,157,805306368,157,162
3020,157,805306369,157,170
3020,157,805306370,157,224
3020,157,805306371,157,248
3020,157,1073741824,157,247
3020,157,1073741825,157,223
3020,157,1073741826,157,169
3020,157,1073741827,157,161
3020,158,805306368,158,162
3020,158,805306369,158,170
3020,158,805306370,158,221
3020,158,805306371,158,254
3020,158,1073741824,158,253
3020,158,1073741825,158,220
3020,158,1073741826,158,169
3020,158,1073741827,158,161
3020,159,805306368,159,162
3020,159,805306369,159,170
3020,159,805306370,159,218
3020,159,805306371,159,259
3020,159,1073741824,159,258
3020,159,1073741825,159,217
3020,159,1073741826,159,169
3020,159,1073741827,159,161
3020,160,805306368,160,162
3020,160,805306369,160,170
3020,160,805306370,160,216
3020,160,805306371,160,262
3020,160,1073741824,160,261
3020,160,1073741825,160,215
3020,160,1073741826,160,169
3020,160,1073741827,160,161
3020,161,805306368,161,162
3020,161,805306369,161,170
3020,161,805306370,161,215
3020,161,805306371,161,267
3020,161,1073741824,161,266
3020,161,1073741825,161,214
3020,161,1073741826,161,169
3020,161,1073741827,161,161
3020,162,805306368,162,162
3020,162,805306369,162,170
3020,162,805306370,162,213
3020,162,805306371,162,270
3020,162,1073741824,162,269
3020,162,1073741825,162,212
3020,162,1073741826,162,169
3020,162,1073741827,162,161
3020,163,805306368,163,162
3020,163,805306369,163,170
3020,163,805306370,163,212
3020,163,805306371,163,273
3020,163,1073741824,163,272
3020,163,1073741825,163,211
3020,163,1073741826,163,169
3020,163,1073741827,163,161
3020,164,805306368,164,162
3020,164,805306369,164,170
3020,164,805306370,164,211
3020,164,805306371,164,276
3020,164,1073741824,164,275
3020,164,1073741825,164,210
3020,164,1073741826,164,169
3020,164,1073741827,164,161
3020,165,805306368,165,162
3020,165,805306369,165,170
3020,165,805306370,165,210
3020,165,805306371,165,278
3020,165,1073741824,165,277
3020,165,1073741825,165,209
3020,165,1073741826,165,169
3020,165,1073741827,165,161
3020,166,805306368,166,162
3020,166,805306369,166,170
3020,166,805306370,166,208
3020,166,805306371,166,281
3020,166,1073741824,166,280
3020,166,1073741825,166,207
3020,166,1073741826,166,169
3020,166,1073741827,166,161
3020,167,805306368,167,2
3020,167,805306369,167,162
3020,167,805306370,167,170
3020,167,805306371,167,207
3020,167,805306372,167,283
3020,167,1073741824,167,282
3020,167,1073741825,167,206
3020,167,1073741826,167,169
3020,167,1073741827,167,161
3020,167,1073741828,167,1
3020,168,805306368,168,6
3020,168,805306369,168,162
3020,168,805306370,168,170
3020,168,805306371,168,206
3020,168,805306372,168,285
3020,168,1073741824,168,284
3020,168,1073741825,168,205
3020,168,1073741826,168,169
3020,168,1073741827,168,161
3020,168,1073741828,168,5
3020,169,805306368,169,10
3020,169,805306369,169,162
3020,169,805306370,169,170
3020,169,805306371,169,206
3020,169,805306372,169,286
3020,169,1073741824,169,285
3020,169,1073741825,169,205
3020,169,1073741826,169,169
3020,169,1073741827,169,161
3020,169,1073741828,169,9
3020,170,805306368,170,13
3020,170,805306369,170,162
3020,170,805306370,170,170
3020,170,805306371,170,205
3020,170,805306372,170,288
3020,170,1073741824,170,287
3020,170,1073741825,170,204
3020,170,1073741826,170,169
3020,170,1073741827,170,161
3020,170,1073741828,170,12
3020,171,805306368,171,17
3020,171,805306369,171,162
3020,171,805306370,171,170
3020,171,805306371,171,204
3020,171,805306372,171,290
3020,171,1073741824,171,289
3020,171,1073741825,171,203
3020,171,1073741826,171,169
3020,171,1073741827,171,161
3020,171,1073741828,171,16
3020,172,805306368,172,20
3020,172,805306369,172,162
3020,172,805306370,172,170
3020,172,805306371,172,203
3020,172,805306372,172,291
3020,172,1073741824,172,290
3020,172,1073741825,172,202
3020,172,1073741826,172,169
3020,172,1073741827,172,161
3020,172,1073741828,172,19
3020,173,805306368,173,24
3020,173,805306369,173,162
3020,173,805306370,173,170
3020,173,805306371,173,202
3020,173,805306372,173,292
3020,173,1073741824,173,291
3020,173,1073741825,173,201
3020,173,1073741826,173,169
3020,173,1073741827,173,161
3020,173,1073741828,173,23
3020,174,805306368,174,28
3020,174,805306369,174,162
3020,174,805306370,174,170
3020,174,805306371,174,202
3020,174,805306372,174,293
3020,174,1073741824,174,292
3020,174,1073741825,174,201
3020,174,1073741826,174,169
3020,174,1073741827,174,161
3020,174,1073741828,174,27
3020,175,805306368,175,2
3020,175,805306369,175,31
3020,175,805306370,175,162
3020,175,805306371,175,170
3020,175,805306372,175,201
3020,175,805306373,175,294
3020,175,1073741824,175,293
3020,175,1073741825,175,200
3020,175,1073741826,175,169
3020,175,1073741827,175,161
3020,175,1073741828,175,30
3020,175,1073741829,175,1
3020,176,805306368,176,5
3020,176,805306369,176,36
3020,176,805306370,176,162
3020,176,805306371,176,170
3020,176,805306372,176,200
3020,176,805306373,176,295
3020,176,1073741824,176,294
3020,176,1073741825,176,199
3020,176,1073741826,176,169
3020,176,1073741827,176,161
3020,176,1073741828,176,35
3020,176,1073741829,176,4
3020,177,805306368,177,9
3020,177,805306369,177,39
3020,177,805306370,177,162
3020,177,805306371,177,170
3020,177,805306372,177,200
3020,177,805306373,177,296
3020,177,1073741824,177,295
3020,177,1073741825,177,199
3020,177,1073741826,177,169
3020,177,1073741827,177,161
3020,177,1073741828,177,38
3020,177,1073741829,177,8
3020,178,805306368,178,12
3020,178,805306369,178,42
3020,178,805306370,178,162
3020,178,805306371,178,170
3020,178,805306372,178,199
3020,178,805306373,178,297
3020,178,1073741824,178,296
3020,178,1073741825,178,198
3020,178,1073741826,178,169
3020,178,1073741827,178,161
3020,178,1073741828,178,41
3020,178,1073741829,178,11
3020,179,805306368,179,16
3020,179,805306369,179,46
3020,179,805306370,179,162
3020,179,805306371,179,170
3020,179,805306372,179,198
3020,179,805306373,179,297
3020,179,1073741824,179,296
3020,179,1073741825,179,197
3020,179,1073741826,179,169
3020,179,1073741827,179,161
3020,179,1073741828,179,45
3020,179,1073741829,179,15
3020,180,805306368,180,20
3020,180,805306369,180,50
3020,180,805306370,180,162
3020,180,805306371,180,170
3020,180,805306372,180,198
3020,180,805306373,180,298
3020,180,1073741824,180,297
3020,180,1073741825,180,197
3020,180,1073741826,180,169
3020,180,1073741827,180,161
3020,180,1073741828,180,49
3020,180,1073741829,180,19
3020,181,805306368,181,23
3020,181,805306369,181,54
3020,181,805306370,181,162
3020,181,805306371,181,170
3020,181,805306372,181,197
3020,181,805306373,181,299
3020,181,1073741824,181,298
3020,181,1073741825,181,196
3020,181,1073741826,181,169
3020,181,1073741827,181,161
3020,181,1073741828,181,53
3020,181,1073741829,181,22
3020,182,805306368,182,27
3020,182,805306369,182,57
3020,182,805306370,182,162
3020,182,805306371,182,170
3020,182,805306372,182,197
3020,182,805306373,182,299
3020,182,1073741824,182,298
3020,182,1073741825,182,196
3020,182,1073741826,182,169
3020,182,1073741827,182,161
3020,182,1073741828,182,56
3020,182,1073741829,182,26
3020,183,805306368,183,31
3020,183,805306369,183,61
3020,183,805306370,183,162
3020,183,805306371,183,170
3020,183,805306372,183,196
3020,183,805306373,183,300
3020,183,1073741824,183,299
3020,183,1073741825,183,195
3020,183,1073741826,183,169
3020,183,1073741827,183,161
3020,183,1073741828,183,60
3020,183,1073741829,183,30
3020,184,805306368,184,35
3020,184,805306369,184,65
3020,184,805306370,184,162
3020,184,805306371,184,170
3020,184,805306372,184,196
3020,184,805306373,184,300
3020,184,1073741824,184,299
3020,184,1073741825,184,195
3020,184,1073741826,184,169
3020,184,1073741827,184,161
3020,184,1073741828,184,64
3020,184,1073741829,184,34
3020,185,805306368,185,38
3020,185,805306369,185,68
3020,185,805306370,185,162
3020,185,805306371,185,170
3020,185,805306372,185,196
3020,185,805306373,185,301
3020,185,1073741824,185,300
3020,185,1073741825,185,195
3020,185,1073741826,185,169
3020,185,1073741827,185,161
3020,185,1073741828,185,67
3020,185,1073741829,185,37
3020,186,805306368,186,41
3020,186,805306369,186,72
3020,186,805306370,186,162
3020,186,805306371,186,170
3020,186,805306372,186,195
3020,186,805306373,186,301
3020,186,1073741824,186,300
3020,186,1073741825,186,194
3020,186,1073741826,186,169
3020,186,1073741827,186,161
3020,186,1073741828,186,71
3020,186,1073741829,186,40
3020,187,805306368,187,46
3020,187,805306369,187,76
3020,187,805306370,187,162
3020,187,805306371,187,170
3020,187,805306372,187,195
3020,187,805306373,187,302
3020,187,1073741824,187,301
3020,187,1073741825,187,194
3020,187,1073741826,187,169
3020,187,1073741827,187,161
3020,187,1073741828,187,75
3020,187,1073741829,187,45
3020,188,805306368,188,49
3020,188,805306369,188,79
3020,188,805306370,188,162
3020,188,805306371,188,170
3020,188,805306372,188,195
3020,188,805306373,188,302
3020,188,1073741824,188,301
3020,188,1073741825,188,194
3020,188,1073741826,188,169
3020,188,1073741827,188,161
3020,188,1073741828,188,78
3020,188,1073741829,188,48
3020,189,805306368,189,53
3020,189,805306369,189,82
3020,189,805306370,189,162
3020,189,805306371,189,170
3020,189,805306372,189,194
3020,189,805306373,189,303
3020,189,1073741824,189,302
3020,189,1073741825,189,193
3020,189,1073741826,189,169
3020,189,1073741827,189,161
3020,189,1073741828,189,81
3020,189,1073741829,189,52
3020,190,805306368,190,56
3020,190,805306369,190,87
3020,190,805306370,190,162
3020,190,805306371,190,170
3020,190,805306372,190,194
3020,190,805306373,190,303
3020,190,1073741824,190,302
3020,190,1073741825,190,193
3020,190,1073741826,190,169
3020,190,1073741827,190,161
3020,190,1073741828,190,86
3020,190,1073741829,190,55
3020,191,805306368,191,60
3020,191,805306369,191,90
3020,191,805306370,191,162
3020,191,805306371,191,170
3020,191,805306372,191,194
3020,191,805306373,191,304
3020,191,1073741824,191,303
3020,191,1073741825,191,193
3020,191,1073741826,191,169
3020,191,1073741827,191,161
3020,191,1073741828,191,89
3020,191,1073741829,191,59
3020,192,805306368,192,64
3020,192,805306369,192,94
3020,192,805306370,192,162
3020,192,805306371,192,170
3020,192,805306372,192,194
3020,192,805306373,192,305
3020,192,1073741824,192,304
3020,192,1073741825,192,193
3020,192,1073741826,192,169
3020,192,1073741827,192,161
3020,192,1073741828,192,93
3020,192,1073741829,192,63
3020,193,805306368,193,67
3020,193,805306369,193,98
3020,193,805306370,193,162
3020,193,805306371,193,170
3020,193,805306372,193,193
3020,193,805306373,193,305
3020,193,1073741824,193,304
3020,193,1073741825,193,192
3020,193,1073741826,193,169
3020,193,1073741827,193,161
3020,193,1073741828,193,97
3020,193,1073741829,193,66
3020,194,805306368,194,71
3020,194,805306369,194,101
3020,194,805306370,194,162
3020,194,805306371,194,170
3020,194,805306372,194,193
3020,194,805306373,194,306
3020,194,1073741824,194,305
3020,194,1073741825,194,192
3020,194,1073741826,194,169
3020,194,1073741827,194,161
3020,194,1073741828,194,100
3020,194,1073741829,194,70
3020,195,805306368,195,74
3020,195,805306369,195,105
3020,195,805306370,195,162
3020,195,805306371,195,170
3020,195,805306372,195,193
3020,195,805306373,195,306
3020,195,1073741824,195,305
3020,195,1073741825,195,192
3020,195,1073741826,195,169
3020,195,1073741827,195,161
3020,195,1073741828,195,104
3020,195,1073741829,195,73
3020,196,805306368,196,78
3020,196,805306369,196,108
3020,196,805306370,196,162
3020,196,805306371,196,170
3020,196,805306372,196,193
3020,196,805306373,196,306
3020,196,1073741824,196,305
3020,196,1073741825,196,192
3020,196,1073741826,196,169
3020,196,1073741827,196,161
3020,196,1073741828,196,107
3020,196,1073741829,196,77
3020,197,805306368,197,82
3020,197,805306369,197,112
3020,197,805306370,197,162
3020,197,805306371,197,170
3020,197,805306372,197,193
3020,197,805306373,197,306
3020,197,1073741824,197,305
3020,197,1073741825,197,192
3020,197,1073741826,197,169
3020,197,1073741827,197,161
3020,197,1073741828,197,111
3020,197,1073741829,197,81
3020,198,805306368,198,86
3020,198,805306369,198,116
3020,198,805306370,198,162
3020,198,805306371,198,170
3020,198,805306372,198,192
3020,198,805306373,198,306
3020,198,1073741824,198,305
3020,198,1073741825,198,191
3020,198,1073741826,198,169
3020,198,1073741827,198,161
3020,198,1073741828,198,115
3020,198,1073741829,198,85
3020,199,805306368,199,90
3020,199,805306369,199,120
3020,199,805306370,199,162
3020,199,805306371,199,170
3020,199,805306372,199,192
3020,199,805306373,199,305
3020,199,1073741824,199,304
3020,199,1073741825,199,191
3020,199,1073741826,199,169
3020,199,1073741827,199,161
3020,199,1073741828,199,119
3020,199,1073741829,199,89
3020,200,805306368,200,93
3020,200,805306369,200,123
3020,200,805306370,200,162
3020,200,805306371,200,170
3020,200,805306372,200,192
3020,200,805306373,200,305
3020,200,1073741824,200,304
3020,200,1073741825,200,191
3020,200,1073741826,200,169
3020,200,1073741827,200,161
3020,200,1073741828,200,122
3020,200,1073741829,200,92
3020,201,805306368,201,97
3020,201,805306369,201,127
3020,201,805306370,201,162
3020,201,805306371,201,170
3020,201,805306372,201,192
3020,201,805306373,201,305
3020,201,1073741824,201,304
3020,201,1073741825,201,191
3020,201,1073741826,201,169
3020,201,1073741827,201,161
3020,201,1073741828,201,126
3020,201,1073741829,201,96
3020,202,805306368,202,100
3020,202,805306369,202,131
3020,202,805306370,202,162
3020,202,805306371,202,170
3020,202,805306372,202,192
3020,202,805306373,202,305
3020,202,1073741824,202,304
3020,202,1073741825,202,191
3020,202,1073741826,202,169
3020,202,1073741827,202,161
3020,202,1073741828,202,130
3020,202,1073741829,202,99
3020,203,805306368,203,104
3020,203,805306369,203,134
3020,203,805306370,203,162
3020,203,805306371,203,170
3020,203,805306372,203,192
3020,203,805306373,203,305
3020,203,1073741824,203,304
3020,203,1073741825,203,191
3020,203,1073741826,203,169
3020,203,1073741827,203,161
3020,203,1073741828,203,133
3020,203,1073741829,203,103
3020,204,805306368,204,108
3020,204,805306369,204,138
3020,204,805306370,204,162
3020,204,805306371,204,170
3020,204,805306372,204,192
3020,204,805306373,204,305
3020,204,1073741824,204,304
3020,204,1073741825,204,191
3020,204,1073741826,204,169
3020,204,1073741827,204,161
3020,204,1073741828,204,137
3020,204,1073741829,204,107
3020,205,805306368,205,111
3020,205,805306369,205,141
3020,205,805306370,205,162
3020,205,805306371,205,170
3020,205,805306372,205,192
3020,205,805306373,205,306
3020,205,1073741824,205,305
3020,205,1073741825,205,191
3020,205,1073741826,205,169
3020,205,1073741827,205,161
3020,205,1073741828,205,140
3020,205,1073741829,205,110
3020,206,805306368,206,115
3020,206,805306369,206,147
3020,206,805306370,206,162
3020,206,805306371,206,170
3020,206,805306372,206,191
3020,206,805306373,206,306
3020,206,1073741824,206,305
3020,206,1073741825,206,190
3020,206,1073741826,206,169
3020,206,1073741827,206,161
3020,206,1073741828,206,146
3020,206,1073741829,206,114
3020,207,805306368,207,119
3020,207,805306369,207,150
3020,207,805306370,207,162
3020,207,805306371,207,170
3020,207,805306372,207,183
3020,207,805306373,207,306
3020,207,1073741824,207,305
3020,207,1073741825,207,182
3020,207,1073741826,207,169
3020,207,1073741827,207,161
3020,207,1073741828,207,149
3020,207,1073741829,207,118
3020,208,805306368,208,122
3020,208,805306369,208,156
3020,208,805306370,208,161
3020,208,805306371,208,170
3020,208,805306372,208,177
3020,208,805306373,208,306
3020,208,1073741824,208,305
3020,208,1073741825,208,176
3020,208,1073741826,208,169
3020,208,1073741827,208,160
3020,208,1073741828,208,155
3020,208,1073741829,208,121
3020,209,805306368,209,124
3020,209,805306369,209,160
3020,209,805306370,209,161
3020,209,805306371,209,171
3020,209,805306372,209,174
3020,209,805306373,209,306
3020,209,1073741824,209,305
3020,209,1073741825,209,173
3020,209,1073741826,209,170
3020,209,1073741827,209,160
3020,209,1073741828,209,159
3020,209,1073741829,209,123
3020,210,805306368,210,126
3020,210,805306369,210,306
3020,210,1073741824,210,305
3020,210,1073741825,210,125
3020,211,805306368,211,126
3020,211,805306369,211,132
3020,211,805306370,211,133
3020,211,805306371,211,306
3020,211,1073741824,211,305
3020,211,1073741825,211,132
3020,211,1073741826,211,131
3020,211,1073741827,211,125
3020,212,805306368,212,125
3020,212,805306369,212,132
3020,212,805306370,212,137
3020,212,805306371,212,307
3020,212,1073741824,212,306
3020,212,1073741825,212,136
3020,212,1073741826,212,131
3020,212,1073741827,212,124
3020,213,805306368,213,124
3020,213,805306369,213,133
3020,213,805306370,213,141
3020,213,805306371,213,307
3020,213,1073741824,213,306
3020,213,1073741825,213,140
3020,213,1073741826,213,132
3020,213,1073741827,213,123
3020,214,805306368,214,123
3020,214,805306369,214,134
3020,214,805306370,214,144
3020,214,805306371,214,307
3020,214,1073741824,214,306
3020,214,1073741825,214,143
3020,214,1073741826,214,133
3020,214,1073741827,214,122
3020,215,805306368,215,123
3020,215,805306369,215,134
3020,215,805306370,215,145
3020,215,805306371,215,307
3020,215,1073741824,215,306
3020,215,1073741825,215,144
3020,215,1073741826,215,133
3020,215,1073741827,215,122
3020,216,805306368,216,123
3020,216,805306369,216,135
3020,216,805306370,216,146
3020,216,805306371,216,307
3020,216,1073741824,216,306
3020,216,1073741825,216,145
3020,216,1073741826,216,134
3020,216,1073741827,216,122
3020,217,805306368,217,123
3020,217,805306369,217,135
3020,217,805306370,217,146
3020,217,805306371,217,307
3020,217,1073741824,217,306
3020,217,1073741825,217,145
3020,217,1073741826,217,134
3020,217,1073741827,217,122
3020,218,805306368,218,123
3020,218,805306369,218,135
3020,218,805306370,218,144
3020,218,805306371,218,307
3020,218,1073741824,218,306
3020,218,1073741825,218,143
3020,218,1073741826,218,134
3020,218,1073741827,218,122
3020,219,805306368,219,124
3020,219,805306369,219,136
3020,219,805306370,219,144
3020,219,805306371,219,307
3020,219,1073741824,219,306
3020,219,1073741825,219,143
3020,219,1073741826,219,135
3020,219,1073741827,219,123
3020,220,805306368,220,124
3020,220,805306369,220,137
3020,220,805306370,220,144
3020,220,805306371,220,307
3020,220,1073741824,220,306
3020,220,1073741825,220,143
3020,220,1073741826,220,136
3020,220,1073741827,220,123
3020,221,805306368,221,125
3020,221,805306369,221,137
3020,221,805306370,221,140
3020,221,805306371,221,307
3020,221,1073741824,221,306
3020,221,1073741825,221,139
3020,221,1073741826,221,136
3020,221,1073741827,221,124
3020,222,805306368,222,112
3020,222,805306369,222,116
3020,222,805306370,222,126
3020,222,805306371,222,307
3020,222,1073741824,222,306
3020,222,1073741825,222,125
3020,222,1073741826,222,115
3020,222,1073741827,222,111
3020,223,805306368,223,110
3020,223,805306369,223,121
3020,223,805306370,223,127
3020,223,805306371,223,308
3020,223,1073741824,223,307
3020,223,1073741825,223,126
3020,223,1073741826,223,120
3020,223,1073741827,223,109
3020,224,805306368,224,110
3020,224,805306369,224,124
3020,224,805306370,224,127
3020,224,805306371,224,308
3020,224,1073741824,224,307
3020,224,1073741825,224,126
3020,224,1073741826,224,123
3020,224,1073741827,224,109
3020,225,805306368,225,110
3020,225,805306369,225,309
3020,225,1073741824,225,308
3020,225,1073741825,225,109
3020,226,805306368,226,110
3020,226,805306369,226,313
3020,226,1073741824,226,312
3020,226,1073741825,226,109
3020,227,805306368,227,110
3020,227,805306369,227,317
3020,227,1073741824,227,316
3020,227,1073741825,227,109
3020,228,805306368,228,110
3020,228,805306369,228,322
3020,228,1073741824,228,321
3020,228,1073741825,228,109
3020,229,805306368,229,111
3020,229,805306369,229,324
3020,229,1073741824,229,323
3020,229,1073741825,229,110
3020,230,805306368,230,111
3020,230,805306369,230,326
3020,230,1073741824,230,325
3020,230,1073741825,230,110
3020,231,805306368,231,111
3020,231,805306369,231,327
3020,231,1073741824,231,326
3020,231,1073741825,231,110
3020,232,805306368,232,112
3020,232,805306369,232,328
3020,232,1073741824,232,327
3020,232,1073741825,232,111
3020,233,805306368,233,112
3020,233,805306369,233,329
3020,233,1073741824,233,328
3020,233,1073741825,233,111
3020,234,805306368,234,112
3020,234,805306369,234,329
3020,234,1073741824,234,328
3020,234,1073741825,234,111
3020,235,805306368,235,112
3020,235,805306369,235,330
3020,235,1073741824,235,329
3020,235,1073741825,235,111
3020,236,805306368,236,112
3020,236,805306369,236,330
3020,236,1073741824,236,329
3020,236,1073741825,236,111
3020,237,805306368,237,112
3020,237,805306369,237,330
3020,237,1073741824,237,329
3020,237,1073741825,237,111
3020,238,805306368,238,111
3020,238,805306369,238,330
3020,238,1073741824,238,329
3020,238,1073741825,238,110
3020,239,805306368,239,111
3020,239,805306369,239,330
3020,239,1073741824,239,329
3020,239,1073741825,239,110
3020,240,805306368,240,105
3020,240,805306369,240,330
3020,240,1073741824,240,329
3020,240,1073741825,240,104
3020,241,805306368,241,103
3020,241,805306369,241,329
3020,241,1073741824,241,328
3020,241,1073741825,241,102
3020,242,805306368,242,103
3020,242,805306369,242,329
3020,242,1073741824,242,328
3020,242,1073741825,242,102
3020,243,805306368,243,102
3020,243,805306369,243,328
3020,243,1073741824,243,327
3020,243,1073741825,243,101
3020,244,805306368,244,102
3020,244,805306369,244,328
3020,244,1073741824,244,327
3020,244,1073741825,244,101
3020,245,805306368,245,102
3020,245,805306369,245,327
3020,245,1073741824,245,326
3020,245,1073741825,245,101
3020,246,805306368,246,101
3020,246,805306369,246,326
3020,246,1073741824,246,325
3020,246,1073741825,246,100
3020,247,805306368,247,101
3020,247,805306369,247,325
3020,247,1073741824,247,324
3020,247,1073741825,247,100
3020,248,805306368,248,100
3020,248,805306369,248,323
3020,248,1073741824,248,322
3020,248,1073741825,248,99
3020,249,805306368,249,100
3020,249,805306369,249,308
3020,249,805306370,249,312
3020,249,805306371,249,314
3020,249,805306372,249,315
3020,249,805306373,249,320
3020,249,1073741824,249,319
3020,249,1073741825,249,314
3020,249,1073741826,249,313
3020,249,1073741827,249,311
3020,249,1073741828,249,307
3020,249,1073741829,249,99
3020,250,805306368,250,100
3020,250,805306369,250,309
3020,250,1073741824,250,308
3020,250,1073741825,250,99
3020,251,805306368,251,100
3020,251,805306369,251,311
3020,251,1073741824,251,310
3020,251,1073741825,251,99
3020,252,805306368,252,101
3020,252,805306369,252,315
3020,252,1073741824,252,314
3020,252,1073741825,252,100
3020,253,805306368,253,101
3020,253,805306369,253,318
3020,253,1073741824,253,317
3020,253,1073741825,253,100
3020,254,805306368,254,101
3020,254,805306369,254,321
3020,254,1073741824,254,320
3020,254,1073741825,254,100
3020,255,805306368,255,102
3020,255,805306369,255,325
3020,255,1073741824,255,324
3020,255,1073741825,255,101
3020,256,805306368,256,102
3020,256,805306369,256,329
3020,256,1073741824,256,328
3020,256,1073741825,256,101
3020,257,805306368,257,103
3020,257,805306369,257,333
3020,257,1073741824,257,332
3020,257,1073741825,257,102
3020,258,805306368,258,104
3020,258,805306369,258,336
3020,258,1073741824,258,335
3020,258,1073741825,258,103
3020,259,805306368,259,105
3020,259,805306369,259,305
3020,259,805306370,259,310
3020,259,805306371,259,340
3020,259,1073741824,259,339
3020,259,1073741825,259,309
3020,259,1073741826,259,304
3020,259,1073741827,259,104
3020,260,805306368,260,106
3020,260,805306369,260,202
3020,260,805306370,260,204
3020,260,805306371,260,304
3020,260,805306372,260,313
3020,260,805306373,260,344
3020,260,1073741824,260,343
3020,260,1073741825,260,312
3020,260,1073741826,260,303
3020,260,1073741827,260,203
3020,260,1073741828,260,201
3020,260,1073741829,260,105
3020,261,805306368,261,106
3020,261,805306369,261,202
3020,261,805306370,261,206
3020,261,805306371,261,303
3020,261,805306372,261,317
3020,261,805306373,261,347
3020,261,1073741824,261,346
3020,261,1073741825,261,316
3020,261,1073741826,261,302
3020,261,1073741827,261,205
3020,261,1073741828,261,201
3020,261,1073741829,261,105
3020,262,805306368,262,107
3020,262,805306369,262,202
3020,262,805306370,262,209
3020,262,805306371,262,303
3020,262,805306372,262,320
3020,262,805306373,262,351
3020,262,1073741824,262,350
3020,262,1073741825,262,319
3020,262,1073741826,262,302
3020,262,1073741827,262,208
3020,262,1073741828,262,201
3020,262,1073741829,262,106
3020,263,805306368,263,107
3020,263,805306369,263,202
3020,263,805306370,263,211
3020,263,805306371,263,303
