Frame,Part of frame,Layer,X,Y
4133,202,536870914,202,315
4133,138,536870915,138,315
4133,140,268435456,140,316
4133,203,268435457,203,316
4133,248,268435458,248,316
4133,339,268435459,339,316
4133,338,536870912,338,316
4133,247,536870913,247,316
4133,202,536870914,202,316
4133,139,536870915,139,316
4133,140,268435456,140,317
4133,203,268435457,203,317
4133,250,268435458,250,317
4133,340,268435459,340,317
4133,339,536870912,339,317
4133,249,536870913,249,317
4133,202,536870914,202,317
4133,139,536870915,139,317
4133,140,268435456,140,318
4133,203,268435457,203,318
4133,252,268435458,252,318
4133,340,268435459,340,318
4133,339,536870912,339,318
4133,251,536870913,251,318
4133,202,536870914,202,318
4133,139,536870915,139,318
4133,141,268435456,141,319
4133,203,268435457,203,319
4133,252,268435458,252,319
4133,341,268435459,341,319
4133,340,536870912,340,319
4133,251,536870913,251,319
4133,202,536870914,202,319
4133,140,536870915,140,319
4133,141,268435456,141,320
4133,204,268435457,204,320
4133,252,268435458,252,320
4133,342,268435459,342,320
4133,341,536870912,341,320
4133,251,536870913,251,320
4133,203,536870914,203,320
4133,140,536870915,140,320
4133,141,268435456,141,321
4133,143,268435457,143,321
4133,144,268435458,144,321
4133,204,268435459,204,321
4133,252,268435460,252,321
4133,342,268435461,342,321
4133,341,536870912,341,321
4133,251,536870913,251,321
4133,203,536870914,203,321
4133,143,536870915,143,321
4133,142,536870916,142,321
4133,140,536870917,140,321
4133,145,268435456,145,322
4133,204,268435457,204,322
4133,251,268435458,251,322
4133,343,268435459,343,322
4133,342,536870912,342,322
4133,250,536870913,250,322
4133,203,536870914,203,322
4133,144,536870915,144,322
4133,145,268435456,145,323
4133,204,268435457,204,323
4133,251,268435458,251,323
4133,344,268435459,344,323
4133,343,536870912,343,323
4133,250,536870913,250,323
4133,203,536870914,203,323
4133,144,536870915,144,323
4133,145,268435456,145,324
4133,205,268435457,205,324
4133,251,268435458,251,324
4133,344,268435459,344,324
4133,343,536870912,343,324
4133,250,536870913,250,324
4133,204,536870914,204,324
4133,144,536870915,144,324
4133,144,268435456,144,325
4133,205,268435457,205,325
4133,251,268435458,251,325
4133,345,268435459,345,325
4133,344,536870912,344,325
4133,250,536870913,250,325
4133,204,536870914,204,325
4133,143,536870915,143,325
4133,144,268435456,144,326
4133,205,268435457,205,326
4133,251,268435458,251,326
4133,346,268435459,346,326
4133,345,536870912,345,326
4133,250,536870913,250,326
4133,204,536870914,204,326
4133,143,536870915,143,326
4133,144,268435456,144,327
4133,205,268435457,205,327
4133,251,268435458,251,327
4133,346,268435459,346,327
4133,345,536870912,345,327
4133,250,536870913,250,327
4133,204,536870914,204,327
4133,143,536870915,143,327
4133,144,268435456,144,328
4133,205,268435457,205,328
4133,250,268435458,250,328
4133,347,268435459,347,328
4133,346,536870912,346,328
4133,249,536870913,249,328
4133,204,536870914,204,328
4133,143,536870915,143,328
4133,143,268435456,143,329
4133,206,268435457,206,329
4133,250,268435458,250,329
4133,347,268435459,347,329
4133,346,536870912,346,329
4133,249,536870913,249,329
4133,205,536870914,205,329
4133,142,536870915,142,329
4133,143,268435456,143,330
4133,206,268435457,206,330
4133,250,268435458,250,330
4133,348,268435459,348,330
4133,347,536870912,347,330
4133,249,536870913,249,330
4133,205,536870914,205,330
4133,142,536870915,142,330
4133,143,268435456,143,331
4133,206,268435457,206,331
4133,250,268435458,250,331
4133,349,268435459,349,331
4133,348,536870912,348,331
4133,249,536870913,249,331
4133,205,536870914,205,331
4133,142,536870915,142,331
4133,143,268435456,143,332
4133,206,268435457,206,332
4133,250,268435458,250,332
4133,349,268435459,349,332
4133,348,536870912,348,332
4133,249,536870913,249,332
4133,205,536870914,205,332
4133,142,536870915,142,332
4133,142,268435456,142,333
4133,207,268435457,207,333
4133,250,268435458,250,333
4133,350,268435459,350,333
4133,349,536870912,349,333
4133,249,536870913,249,333
4133,206,536870914,206,333
4133,141,536870915,141,333
4133,142,268435456,142,334
4133,207,268435457,207,334
4133,249,268435458,249,334
4133,351,268435459,351,334
4133,350,536870912,350,334
4133,248,536870913,248,334
4133,206,536870914,206,334
4133,141,536870915,141,334
4133,142,268435456,142,335
4133,207,268435457,207,335
4133,249,268435458,249,335
4133,351,268435459,351,335
4133,350,536870912,350,335
4133,248,536870913,248,335
4133,206,536870914,206,335
4133,141,536870915,141,335
4133,142,268435456,142,336
4133,207,268435457,207,336
4133,249,268435458,249,336
4133,352,268435459,352,336
4133,351,536870912,351,336
4133,248,536870913,248,336
4133,206,536870914,206,336
4133,141,536870915,141,336
4133,141,268435456,141,337
4133,208,268435457,208,337
4133,249,268435458,249,337
4133,352,268435459,352,337
4133,351,536870912,351,337
4133,248,536870913,248,337
4133,207,536870914,207,337
4133,140,536870915,140,337
4133,141,268435456,141,338
4133,208,268435457,208,338
4133,249,268435458,249,338
4133,353,268435459,353,338
4133,352,536870912,352,338
4133,248,536870913,248,338
4133,207,536870914,207,338
4133,140,536870915,140,338
4133,141,268435456,141,339
4133,208,268435457,208,339
4133,249,268435458,249,339
4133,354,268435459,354,339
4133,353,536870912,353,339
4133,248,536870913,248,339
4133,207,536870914,207,339
4133,140,536870915,140,339
4133,141,268435456,141,340
4133,208,268435457,208,340
4133,248,268435458,248,340
4133,354,268435459,354,340
4133,353,536870912,353,340
4133,247,536870913,247,340
4133,207,536870914,207,340
4133,140,536870915,140,340
4133,140,268435456,140,341
4133,209,268435457,209,341
4133,248,268435458,248,341
4133,355,268435459,355,341
4133,354,536870912,354,341
4133,247,536870913,247,341
4133,208,536870914,208,341
4133,139,536870915,139,341
4133,140,268435456,140,342
4133,209,268435457,209,342
4133,248,268435458,248,342
4133,355,268435459,355,342
4133,354,536870912,354,342
4133,247,536870913,247,342
4133,208,536870914,208,342
4133,139,536870915,139,342
4133,140,268435456,140,343
4133,209,268435457,209,343
4133,248,268435458,248,343
4133,356,268435459,356,343
4133,355,536870912,355,343
4133,247,536870913,247,343
4133,208,536870914,208,343
4133,139,536870915,139,343
4133,140,268435456,140,344
4133,209,268435457,209,344
4133,248,268435458,248,344
4133,357,268435459,357,344
4133,356,536870912,356,344
4133,247,536870913,247,344
4133,208,536870914,208,344
4133,139,536870915,139,344
4133,139,268435456,139,345
4133,210,268435457,210,345
4133,247,268435458,247,345
4133,357,268435459,357,345
4133,356,536870912,356,345
4133,246,536870913,246,345
4133,209,536870914,209,345
4133,138,536870915,138,345
4133,139,268435456,139,346
4133,210,268435457,210,346
4133,247,268435458,247,346
4133,358,268435459,358,346
4133,357,536870912,357,346
4133,246,536870913,246,346
4133,209,536870914,209,346
4133,138,536870915,138,346
4133,139,268435456,139,347
4133,210,268435457,210,347
4133,247,268435458,247,347
4133,359,268435459,359,347
4133,358,536870912,358,347
4133,246,536870913,246,347
4133,209,536870914,209,347
4133,138,536870915,138,347
4133,139,268435456,139,348
4133,210,268435457,210,348
4133,247,268435458,247,348
4133,359,268435459,359,348
4133,358,536870912,358,348
4133,246,536870913,246,348
4133,209,536870914,209,348
4133,138,536870915,138,348
4133,138,268435456,138,349
4133,211,268435457,211,349
4133,246,268435458,246,349
4133,360,268435459,360,349
4133,359,536870912,359,349
4133,245,536870913,245,349
4133,210,536870914,210,349
4133,137,536870915,137,349
4133,138,268435456,138,350
4133,211,268435457,211,350
4133,246,268435458,246,350
4133,360,268435459,360,350
4133,359,536870912,359,350
4133,245,536870913,245,350
4133,210,536870914,210,350
4133,137,536870915,137,350
4133,138,268435456,138,351
4133,211,268435457,211,351
4133,246,268435458,246,351
4133,361,268435459,361,351
4133,360,536870912,360,351
4133,245,536870913,245,351
4133,210,536870914,210,351
4133,137,536870915,137,351
4133,137,268435456,137,352
4133,212,268435457,212,352
4133,245,268435458,245,352
4133,361,268435459,361,352
4133,360,536870912,360,352
4133,244,536870913,244,352
4133,211,536870914,211,352
4133,136,536870915,136,352
4133,137,268435456,137,353
4133,212,268435457,212,353
4133,245,268435458,245,353
4133,362,268435459,362,353
4133,361,536870912,361,353
4133,244,536870913,244,353
4133,211,536870914,211,353
4133,136,536870915,136,353
4133,137,268435456,137,354
4133,212,268435457,212,354
4133,245,268435458,245,354
4133,362,268435459,362,354
4133,361,536870912,361,354
4133,244,536870913,244,354
4133,211,536870914,211,354
4133,136,536870915,136,354
4133,137,268435456,137,355
4133,212,268435457,212,355
4133,245,268435458,245,355
4133,363,268435459,363,355
4133,362,536870912,362,355
4133,244,536870913,244,355
4133,211,536870914,211,355
4133,136,536870915,136,355
4133,136,268435456,136,356
4133,213,268435457,213,356
4133,245,268435458,245,356
4133,364,268435459,364,356
4133,363,536870912,363,356
4133,244,536870913,244,356
4133,212,536870914,212,356
4133,135,536870915,135,356
4133,136,268435456,136,357
4133,213,268435457,213,357
4133,244,268435458,244,357
4133,364,268435459,364,357
4133,363,536870912,363,357
4133,243,536870913,243,357
4133,212,536870914,212,357
4133,135,536870915,135,357
4133,136,268435456,136,358
4133,213,268435457,213,358
4133,244,268435458,244,358
4133,365,268435459,365,358
4133,364,536870912,364,358
4133,243,536870913,243,358
4133,212,536870914,212,358
4133,135,536870915,135,358
4133,136,268435456,136,359
4133,213,268435457,213,359
4133,244,268435458,244,359
4133,365,268435459,365,359
4133,364,536870912,364,359
4133,243,536870913,243,359
4133,212,536870914,212,359
4133,135,536870915,135,359
4133,0,1879048192,0,0
4133,0,2147483648,0,359
4133,1,1879048192,1,0
4133,1,2147483648,1,359
4133,2,1879048192,2,0
4133,2,2147483648,2,359
4133,3,1879048192,3,0
4133,3,2147483648,3,359
4133,4,1879048192,4,0
4133,4,2147483648,4,359
4133,5,1879048192,5,0
4133,5,2147483648,5,359
4133,6,1879048192,6,0
4133,6,2147483648,6,359
4133,7,1879048192,7,0
4133,7,2147483648,7,359
4133,8,1879048192,8,0
4133,8,2147483648,8,359
4133,9,1879048192,9,0
4133,9,2147483648,9,359
4133,10,1879048192,10,0
4133,10,2147483648,10,359
4133,11,1879048192,11,0
4133,11,2147483648,11,359
4133,12,1879048192,12,0
4133,12,2147483648,12,359
4133,13,1879048192,13,0
4133,13,2147483648,13,359
4133,14,1879048192,14,0
4133,14,2147483648,14,359
4133,15,1879048192,15,0
4133,15,2147483648,15,359
4133,16,1879048192,16,0
4133,16,2147483648,16,359
4133,17,1879048192,17,0
4133,17,2147483648,17,359
4133,18,1879048192,18,0
4133,18,2147483648,18,359
4133,19,1879048192,19,0
4133,19,2147483648,19,359
4133,20,1879048192,20,0
4133,20,2147483648,20,359
4133,21,1879048192,21,0
4133,21,2147483648,21,359
4133,22,1879048192,22,0
4133,22,2147483648,22,359
4133,23,1879048192,23,0
4133,23,2147483648,23,359
4133,24,1879048192,24,0
4133,24,2147483648,24,359
4133,25,1879048192,25,0
4133,25,2147483648,25,359
4133,26,1879048192,26,0
4133,26,2147483648,26,359
4133,27,1879048192,27,0
4133,27,2147483648,27,359
4133,28,1879048192,28,0
4133,28,2147483648,28,359
4133,29,1879048192,29,0
4133,29,2147483648,29,359
4133,30,1879048192,30,0
4133,30,2147483648,30,359
4133,31,1879048192,31,0
4133,31,2147483648,31,359
4133,32,1879048192,32,0
4133,32,2147483648,32,359
4133,33,1879048192,33,0
4133,33,2147483648,33,359
4133,34,1879048192,34,0
4133,34,2147483648,34,359
4133,35,1879048192,35,0
4133,35,2147483648,35,359
4133,36,1879048192,36,0
4133,36,2147483648,36,359
4133,37,1879048192,37,0
4133,37,2147483648,37,359
4133,38,1879048192,38,0
4133,38,2147483648,38,359
4133,39,1879048192,39,0
4133,39,2147483648,39,359
4133,40,1879048192,40,0
4133,40,2147483648,40,359
4133,41,1879048192,41,0
4133,41,2147483648,41,359
4133,42,1879048192,42,0
4133,42,2147483648,42,359
4133,43,1879048192,43,0
4133,43,2147483648,43,359
4133,44,1879048192,44,0
4133,44,2147483648,44,359
4133,45,1879048192,45,0
4133,45,2147483648,45,359
4133,46,1879048192,46,0
4133,46,2147483648,46,359
4133,47,1879048192,47,0
4133,47,2147483648,47,359
4133,48,1879048192,48,0
4133,48,2147483648,48,359
4133,49,1879048192,49,0
4133,49,2147483648,49,359
4133,50,1879048192,50,0
4133,50,2147483648,50,359
4133,51,1879048192,51,0
4133,51,2147483648,51,359
4133,52,1879048192,52,0
4133,52,2147483648,52,359
4133,53,1879048192,53,0
4133,53,2147483648,53,359
4133,54,1879048192,54,0
4133,54,2147483648,54,359
4133,55,1879048192,55,0
4133,55,2147483648,55,359
4133,56,1879048192,56,0
4133,56,2147483648,56,359
4133,57,1879048192,57,0
4133,57,2147483648,57,359
4133,58,1879048192,58,0
4133,58,2147483648,58,359
4133,59,1879048192,59,0
4133,59,2147483648,59,359
4133,60,1879048192,60,0
4133,60,2147483648,60,359
4133,61,1879048192,61,0
4133,61,2147483648,61,359
4133,62,1879048192,62,0
4133,62,2147483648,62,359
4133,63,1879048192,63,0
4133,63,2147483648,63,359
4133,64,1879048192,64,0
4133,64,2147483648,64,359
4133,65,1879048192,65,0
4133,65,2147483648,65,359
4133,66,1879048192,66,0
4133,66,2147483648,66,359
4133,67,1879048192,67,0
4133,67,2147483648,67,359
4133,68,1879048192,68,0
4133,68,2147483648,68,359
4133,69,1879048192,69,0
4133,69,2147483648,69,359
4133,70,1879048192,70,0
4133,70,2147483648,70,359
4133,71,1879048192,71,0
4133,71,2147483648,71,359
4133,72,1879048192,72,0
4133,72,2147483648,72,359
4133,73,1879048192,73,0
4133,73,2147483648,73,359
4133,74,1879048192,74,0
4133,74,2147483648,74,359
4133,75,1879048192,75,0
4133,75,2147483648,75,359
4133,76,1879048192,76,0
4133,76,2147483648,76,359
4133,77,1879048192,77,0
4133,77,2147483648,77,359
4133,78,1879048192,78,0
4133,78,2147483648,78,359
4133,79,1879048192,79,0
4133,79,2147483648,79,359
4133,80,1879048192,80,0
4133,80,2147483648,80,359
4133,81,1879048192,81,0
4133,81,2147483648,81,359
4133,82,1879048192,82,0
4133,82,2147483648,82,359
4133,83,1879048192,83,0
4133,83,2147483648,83,359
4133,84,1879048192,84,0
4133,84,2147483648,84,359
4133,85,1879048192,85,0
4133,85,2147483648,85,359
4133,86,1879048192,86,0
4133,86,2147483648,86,359
4133,87,1879048192,87,0
4133,87,2147483648,87,359
4133,88,1879048192,88,0
4133,88,2147483648,88,359
4133,89,1879048192,89,0
4133,89,2147483648,89,359
4133,90,1879048192,90,0
4133,90,2147483648,90,359
4133,91,1879048192,91,0
4133,91,2147483648,91,359
4133,92,1879048192,92,0
4133,92,2147483648,92,359
4133,93,1879048192,93,0
4133,93,2147483648,93,359
4133,94,1879048192,94,0
4133,94,2147483648,94,359
4133,95,1879048192,95,0
4133,95,2147483648,95,359
4133,96,1879048192,96,0
4133,96,2147483648,96,359
4133,97,1879048192,97,0
4133,97,2147483648,97,359
4133,98,1879048192,98,0
4133,98,2147483648,98,359
4133,99,1879048192,99,0
4133,99,2147483648,99,359
4133,100,1879048192,100,0
4133,100,2147483648,100,359
4133,101,1879048192,101,0
4133,101,2147483648,101,359
4133,102,1879048192,102,0
4133,102,2147483648,102,359
4133,103,1879048192,103,0
4133,103,2147483648,103,359
4133,104,1879048192,104,0
4133,104,2147483648,104,359
4133,105,1879048192,105,0
4133,105,2147483648,105,359
4133,106,1879048192,106,0
4133,106,2147483648,106,359
4133,107,1879048192,107,0
4133,107,2147483648,107,359
4133,108,1879048192,108,0
4133,108,2147483648,108,359
4133,109,1879048192,109,0
4133,109,2147483648,109,359
4133,110,1879048192,110,0
4133,110,2147483648,110,359
4133,111,1879048192,111,0
4133,111,2147483648,111,359
4133,112,1879048192,112,0
4133,112,2147483648,112,359
4133,113,1879048192,113,0
4133,113,2147483648,113,359
4133,114,1879048192,114,0
4133,114,2147483648,114,359
4133,115,1879048192,115,0
4133,115,2147483648,115,359
4133,116,1879048192,116,0
4133,116,2147483648,116,359
4133,117,1879048192,117,0
4133,117,2147483648,117,359
4133,118,1879048192,118,0
4133,118,2147483648,118,359
4133,119,1879048192,119,0
4133,119,2147483648,119,359
4133,120,1879048192,120,0
4133,120,2147483648,120,359
4133,121,1879048192,121,0
4133,121,2147483648,121,359
4133,122,1879048192,122,0
4133,122,2147483648,122,359
4133,123,1879048192,123,0
4133,123,2147483648,123,359
4133,124,1879048192,124,0
4133,124,2147483648,124,359
4133,125,1879048192,125,0
4133,125,2147483648,125,359
4133,126,1879048192,126,0
4133,126,2147483648,126,359
4133,127,1879048192,127,0
4133,127,2147483648,127,359
4133,128,1879048192,128,0
4133,128,2147483648,128,359
4133,129,1879048192,129,0
4133,129,2147483648,129,359
4133,130,1879048192,130,0
4133,130,2147483648,130,359
4133,131,1879048192,131,0
4133,131,2147483648,131,359
4133,132,805306368,132,273
4133,132,805306369,132,286
4133,132,1073741824,132,285
4133,132,1073741825,132,272
4133,133,805306368,133,268
4133,133,805306369,133,301
4133,133,1073741824,133,300
4133,133,1073741825,133,267
4133,134,805306368,134,263
4133,134,805306369,134,304
4133,134,1073741824,134,303
4133,134,1073741825,134,262
4133,135,805306368,135,259
4133,135,805306369,135,308
4133,135,1073741824,135,307
4133,135,1073741825,135,258
4133,136,805306368,136,256
4133,136,805306369,136,309
4133,136,805306370,136,356
4133,136,1073741824,136,355
4133,136,1073741825,136,308
4133,136,1073741826,136,255
4133,137,805306368,137,252
4133,137,805306369,137,311
4133,137,805306370,137,352
4133,137,1073741824,137,351
4133,137,1073741825,137,310
4133,137,1073741826,137,251
4133,138,805306368,138,249
4133,138,805306369,138,314
4133,138,805306370,138,349
4133,138,1073741824,138,348
4133,138,1073741825,138,313
4133,138,1073741826,138,248
4133,139,805306368,139,245
4133,139,805306369,139,316
4133,139,805306370,139,345
4133,139,1073741824,139,344
4133,139,1073741825,139,315
4133,139,1073741826,139,244
4133,140,805306368,140,242
4133,140,805306369,140,319
4133,140,805306370,140,341
4133,140,1073741824,140,340
4133,140,1073741825,140,318
4133,140,1073741826,140,241
4133,141,805306368,141,238
4133,141,805306369,141,322
4133,141,805306370,141,337
4133,141,1073741824,141,336
4133,141,1073741825,141,321
4133,141,1073741826,141,237
4133,142,805306368,142,234
4133,142,805306369,142,322
4133,142,805306370,142,333
4133,142,1073741824,142,332
4133,142,1073741825,142,321
4133,142,1073741826,142,233
4133,143,805306368,143,227
4133,143,805306369,143,321
4133,143,805306370,143,329
4133,143,1073741824,143,328
4133,143,1073741825,143,320
4133,143,1073741826,143,226
4133,144,805306368,144,219
4133,144,805306369,144,322
4133,144,805306370,144,325
4133,144,1073741824,144,324
4133,144,1073741825,144,321
4133,144,1073741826,144,218
4133,145,805306368,145,213
4133,145,1073741824,145,212
4133,146,805306368,146,208
4133,146,1073741824,146,207
4133,147,805306368,147,205
4133,147,805306369,147,310
4133,147,805306370,147,311
4133,147,1073741824,147,310
4133,147,1073741825,147,309
4133,147,1073741826,147,204
4133,148,805306368,148,202
4133,148,1073741824,148,201
4133,149,805306368,149,200
4133,149,1073741824,149,199
4133,150,805306368,150,198
4133,150,1073741824,150,197
4133,151,805306368,151,196
4133,151,1073741824,151,195
4133,152,805306368,152,194
4133,152,1073741824,152,193
4133,153,805306368,153,193
4133,153,1073741824,153,192
4133,154,805306368,154,192
4133,154,1073741824,154,191
4133,155,805306368,155,192
4133,155,1073741824,155,191
4133,156,805306368,156,191
4133,156,1073741824,156,190
4133,157,805306368,157,190
4133,157,1073741824,157,189
4133,158,805306368,158,190
4133,158,1073741824,158,189
4133,159,805306368,159,189
4133,159,1073741824,159,188
4133,160,805306368,160,189
4133,160,1073741824,160,188
4133,161,805306368,161,188
4133,161,1073741824,161,187
4133,162,805306368,162,188
4133,162,1073741824,162,187
4133,163,805306368,163,188
4133,163,1073741824,163,187
4133,164,805306368,164,188
4133,164,1073741824,164,187
4133,165,805306368,165,188
4133,165,1073741824,165,187
4133,166,805306368,166,188
4133,166,1073741824,166,187
4133,167,805306368,167,187
4133,167,1073741824,167,186
4133,168,805306368,168,187
4133,168,1073741824,168,186
4133,169,805306368,169,187
4133,169,1073741824,169,186
4133,170,805306368,170,187
4133,170,1073741824,170,186
4133,171,805306368,171,187
4133,171,1073741824,171,186
4133,172,805306368,172,187
4133,172,1073741824,172,186
4133,173,805306368,173,187
4133,173,1073741824,173,186
4133,174,805306368,174,187
4133,174,1073741824,174,186
4133,175,805306368,175,187
4133,175,1073741824,175,186
4133,176,805306368,176,187
4133,176,1073741824,176,186
4133,177,805306368,177,187
4133,177,1073741824,177,186
4133,178,805306368,178,186
4133,178,1073741824,178,185
4133,179,805306368,179,185
4133,179,1073741824,179,184
4133,180,805306368,180,184
4133,180,805306369,180,227
4133,180,805306370,180,234
4133,180,1073741824,180,233
4133,180,1073741825,180,226
4133,180,1073741826,180,183
4133,181,805306368,181,184
4133,181,805306369,181,225
4133,181,805306370,181,236
4133,181,805306371,181,243
4133,181,805306372,181,246
4133,181,1073741824,181,245
4133,181,1073741825,181,242
4133,181,1073741826,181,235
4133,181,1073741827,181,224
4133,181,1073741828,181,183
4133,182,805306368,182,184
4133,182,805306369,182,224
4133,182,805306370,182,237
4133,182,805306371,182,242
4133,182,805306372,182,249
4133,182,1073741824,182,248
4133,182,1073741825,182,241
4133,182,1073741826,182,236
4133,182,1073741827,182,223
4133,182,1073741828,182,183
4133,183,805306368,183,185
4133,183,805306369,183,216
4133,183,805306370,183,217
4133,183,805306371,183,222
4133,183,805306372,183,239
4133,183,805306373,183,241
4133,183,805306374,183,252
4133,183,1073741824,183,251
4133,183,1073741825,183,240
4133,183,1073741826,183,238
4133,183,1073741827,183,221
4133,183,1073741828,183,216
4133,183,1073741829,183,215
4133,183,1073741830,183,184
4133,184,805306368,184,186
4133,184,805306369,184,215
4133,184,805306370,184,218
4133,184,805306371,184,222
4133,184,805306372,184,255
4133,184,1073741824,184,254
4133,184,1073741825,184,221
4133,184,1073741826,184,217
4133,184,1073741827,184,214
4133,184,1073741828,184,185
4133,185,805306368,185,187
4133,185,805306369,185,214
4133,185,805306370,185,220
4133,185,805306371,185,221
4133,185,805306372,185,256
4133,185,1073741824,185,255
4133,185,1073741825,185,220
4133,185,1073741826,185,219
4133,185,1073741827,185,213
4133,185,1073741828,185,186
4133,186,805306368,186,190
4133,186,805306369,186,216
4133,186,805306370,186,256
4133,186,1073741824,186,255
4133,186,1073741825,186,215
4133,186,1073741826,186,189
4133,187,805306368,187,196
4133,187,805306369,187,215
4133,187,805306370,187,257
4133,187,1073741824,187,256
4133,187,1073741825,187,214
4133,187,1073741826,187,195
4133,188,805306368,188,197
4133,188,805306369,188,215
4133,188,805306370,188,257
4133,188,1073741824,188,256
4133,188,1073741825,188,214
4133,188,1073741826,188,196
4133,189,805306368,189,198
4133,189,805306369,189,215
4133,189,805306370,189,258
4133,189,1073741824,189,257
4133,189,1073741825,189,214
4133,189,1073741826,189,197
4133,190,805306368,190,200
4133,190,805306369,190,214
4133,190,805306370,190,258
4133,190,1073741824,190,257
4133,190,1073741825,190,213
4133,190,1073741826,190,199
4133,191,805306368,191,203
4133,191,805306369,191,210
4133,191,805306370,191,258
4133,191,1073741824,191,257
4133,191,1073741825,191,209
4133,191,1073741826,191,202
4133,192,805306368,192,205
4133,192,805306369,192,210
4133,192,805306370,192,259
4133,192,1073741824,192,258
4133,192,1073741825,192,209
4133,192,1073741826,192,204
4133,193,805306368,193,259
4133,193,1073741824,193,258
4133,194,805306368,194,259
4133,194,1073741824,194,258
4133,195,805306368,195,260
4133,195,1073741824,195,259
4133,196,805306368,196,260
4133,196,1073741824,196,259
4133,197,805306368,197,260
4133,197,1073741824,197,259
4133,198,805306368,198,260
4133,198,1073741824,198,259
4133,199,805306368,199,261
4133,199,1073741824,199,260
4133,200,805306368,200,261
4133,200,1073741824,200,260
4133,201,805306368,201,261
4133,201,805306369,201,305
4133,201,805306370,201,310
4133,201,1073741824,201,309
4133,201,1073741825,201,304
4133,201,1073741826,201,260
4133,202,805306368,202,261
4133,202,805306369,202,305
4133,202,805306370,202,315
4133,202,1073741824,202,314
4133,202,1073741825,202,304
4133,202,1073741826,202,260
4133,203,805306368,203,261
4133,203,805306369,203,305
4133,203,805306370,203,320
4133,203,1073741824,203,319
4133,203,1073741825,203,304
4133,203,1073741826,203,260
4133,204,805306368,204,261
4133,204,805306369,204,305
4133,204,805306370,204,324
4133,204,1073741824,204,323
4133,204,1073741825,204,304
4133,204,1073741826,204,260
4133,205,805306368,205,262
4133,205,805306369,205,305
4133,205,805306370,205,329
4133,205,1073741824,205,328
4133,205,1073741825,205,304
4133,205,1073741826,205,261
4133,206,805306368,206,262
4133,206,805306369,206,305
4133,206,805306370,206,333
4133,206,1073741824,206,332
4133,206,1073741825,206,304
4133,206,1073741826,206,261
4133,207,805306368,207,262
4133,207,805306369,207,305
4133,207,805306370,207,337
4133,207,1073741824,207,336
4133,207,1073741825,207,304
4133,207,1073741826,207,261
4133,208,805306368,208,262
4133,208,805306369,208,305
4133,208,805306370,208,341
4133,208,1073741824,208,340
4133,208,1073741825,208,304
4133,208,1073741826,208,261
4133,209,805306368,209,262
4133,209,805306369,209,305
4133,209,805306370,209,345
4133,209,1073741824,209,344
4133,209,1073741825,209,304
4133,209,1073741826,209,261
4133,210,805306368,210,262
4133,210,805306369,210,305
4133,210,805306370,210,349
4133,210,1073741824,210,348
4133,210,1073741825,210,304
4133,210,1073741826,210,261
4133,211,805306368,211,263
4133,211,805306369,211,305
4133,211,805306370,211,352
4133,211,1073741824,211,351
4133,211,1073741825,211,304
4133,211,1073741826,211,262
4133,212,805306368,212,263
4133,212,805306369,212,305
4133,212,805306370,212,356
4133,212,1073741824,212,355
4133,212,1073741825,212,304
4133,212,1073741826,212,262
4133,213,805306368,213,263
4133,213,805306369,213,305
4133,213,1073741824,213,304
4133,213,1073741825,213,262
4133,214,805306368,214,263
4133,214,805306369,214,306
4133,214,1073741824,214,305
4133,214,1073741825,214,262
4133,215,805306368,215,263
4133,215,805306369,215,306
4133,215,1073741824,215,305
4133,215,1073741825,215,262
4133,216,805306368,216,263
4133,216,805306369,216,306
4133,216,1073741824,216,305
4133,216,1073741825,216,262
4133,217,805306368,217,264
4133,217,805306369,217,307
4133,217,1073741824,217,306
4133,217,1073741825,217,263
4133,218,805306368,218,264
4133,218,805306369,218,307
4133,218,1073741824,218,306
4133,218,1073741825,218,263
4133,219,805306368,219,264
4133,219,805306369,219,307
4133,219,1073741824,219,306
4133,219,1073741825,219,263
4133,220,805306368,220,264
4133,220,805306369,220,307
4133,220,1073741824,220,306
4133,220,1073741825,220,263
4133,221,805306368,221,264
4133,221,805306369,221,308
4133,221,1073741824,221,307
4133,221,1073741825,221,263
4133,222,805306368,222,265
4133,222,805306369,222,308
4133,222,1073741824,222,307
4133,222,1073741825,222,264
4133,223,805306368,223,265
4133,223,805306369,223,308
4133,223,1073741824,223,307
4133,223,1073741825,223,264
4133,224,805306368,224,265
4133,224,805306369,224,309
4133,224,1073741824,224,308
4133,224,1073741825,224,264
4133,225,805306368,225,265
4133,225,805306369,225,309
4133,225,1073741824,225,308
4133,225,1073741825,225,264
4133,226,805306368,226,265
4133,226,805306369,226,309
4133,226,1073741824,226,308
4133,226,1073741825,226,264
4133,227,805306368,227,265
4133,227,805306369,227,310
4133,227,1073741824,227,309
4133,227,1073741825,227,264
4133,228,805306368,228,265
4133,228,805306369,228,310
4133,228,1073741824,228,309
4133,228,1073741825,228,264
4133,229,805306368,229,265
4133,229,805306369,229,310
4133,229,1073741824,229,309
4133,229,1073741825,229,264
4133,230,805306368,230,266
4133,230,805306369,230,310
4133,230,1073741824,230,309
4133,230,1073741825,230,265
4133,231,805306368,231,266
4133,231,805306369,231,311
4133,231,1073741824,231,310
4133,231,1073741825,231,265
4133,232,805306368,232,266
4133,232,805306369,232,311
4133,232,1073741824,232,310
4133,232,1073741825,232,265
4133,233,805306368,233,266
4133,233,805306369,233,311
4133,233,1073741824,233,310
4133,233,1073741825,233,265
4133,234,805306368,234,266
4133,234,805306369,234,312
4133,234,1073741824,234,311
4133,234,1073741825,234,265
4133,235,805306368,235,266
4133,235,805306369,235,312
4133,235,1073741824,235,311
4133,235,1073741825,235,265
4133,236,805306368,236,266
4133,236,805306369,236,313
4133,236,1073741824,236,312
4133,236,1073741825,236,265
4133,237,805306368,237,266
4133,237,805306369,237,313
4133,237,1073741824,237,312
4133,237,1073741825,237,265
4133,238,805306368,238,266
4133,238,805306369,238,313
4133,238,1073741824,238,312
4133,238,1073741825,238,265
4133,239,805306368,239,266
4133,239,805306369,239,313
4133,239,1073741824,239,312
4133,239,1073741825,239,265
4133,240,805306368,240,267
4133,240,805306369,240,314
4133,240,1073741824,240,313
4133,240,1073741825,240,266
4133,241,805306368,241,267
4133,241,805306369,241,314
4133,241,1073741824,241,313
4133,241,1073741825,241,266
4133,242,805306368,242,267
4133,242,805306369,242,315
4133,242,1073741824,242,314
4133,242,1073741825,242,266
4133,243,805306368,243,217
4133,243,805306369,243,223
4133,243,805306370,243,267
4133,243,805306371,243,315
4133,243,1073741824,243,314
4133,243,1073741825,243,266
4133,243,1073741826,243,222
4133,243,1073741827,243,216
4133,244,805306368,244,211
4133,244,805306369,244,235
4133,244,805306370,244,267
4133,244,805306371,244,315
4133,244,805306372,244,357
4133,244,1073741824,244,356
4133,244,1073741825,244,314
4133,244,1073741826,244,266
4133,244,1073741827,244,234
4133,244,1073741828,244,210
4133,245,805306368,245,207
4133,245,805306369,245,239
4133,245,805306370,245,267
4133,245,805306371,245,316
4133,245,805306372,245,352
4133,245,1073741824,245,351
4133,245,1073741825,245,315
4133,245,1073741826,245,266
4133,245,1073741827,245,238
4133,245,1073741828,245,206
4133,246,805306368,246,204
4133,246,805306369,246,243
4133,246,805306370,246,267
4133,246,805306371,246,316
4133,246,805306372,246,349
4133,246,1073741824,246,348
4133,246,1073741825,246,315
4133,246,1073741826,246,266
4133,246,1073741827,246,242
4133,246,1073741828,246,203
4133,247,805306368,247,202
4133,247,805306369,247,247
4133,247,805306370,247,267
4133,247,805306371,247,316
4133,247,805306372,247,345
4133,247,1073741824,247,344
4133,247,1073741825,247,315
4133,247,1073741826,247,266
4133,247,1073741827,247,246
4133,247,1073741828,247,201
4133,248,805306368,248,200
4133,248,805306369,248,250
4133,248,805306370,248,267
4133,248,805306371,248,317
4133,248,805306372,248,340
4133,248,1073741824,248,339
4133,248,1073741825,248,316
4133,248,1073741826,248,266
4133,248,1073741827,248,249
4133,248,1073741828,248,199
4133,249,805306368,249,180
4133,249,805306369,249,182
4133,249,805306370,249,198
4133,249,805306371,249,254
4133,249,805306372,249,267
4133,249,805306373,249,317
4133,249,805306374,249,334
4133,249,1073741824,249,333
4133,249,1073741825,249,316
4133,249,1073741826,249,266
4133,249,1073741827,249,253
4133,249,1073741828,249,197
4133,249,1073741829,249,181
4133,249,1073741830,249,179
4133,250,805306368,250,179
4133,250,805306369,250,182
4133,250,805306370,250,196
4133,250,805306371,250,258
4133,250,805306372,250,267
4133,250,805306373,250,318
4133,250,805306374,250,328
4133,250,1073741824,250,327
4133,250,1073741825,250,317
4133,250,1073741826,250,266
4133,250,1073741827,250,257
4133,250,1073741828,250,195
4133,250,1073741829,250,181
4133,250,1073741830,250,178
4133,251,805306368,251,177
4133,251,805306369,251,180
4133,251,805306370,251,183
4133,251,805306371,251,186
4133,251,805306372,251,194
4133,251,805306373,251,318
4133,251,805306374,251,322
4133,251,1073741824,251,321
4133,251,1073741825,251,317
4133,251,1073741826,251,193
4133,251,1073741827,251,185
4133,251,1073741828,251,182
4133,251,1073741829,251,179
4133,251,1073741830,251,176
4133,252,805306368,252,176
4133,252,805306369,252,179
4133,252,805306370,252,181
4133,252,805306371,252,185
4133,252,805306372,252,192
4133,252,1073741824,252,191
4133,252,1073741825,252,184
4133,252,1073741826,252,180
4133,252,1073741827,252,178
4133,252,1073741828,252,175
4133,253,805306368,253,175
4133,253,805306369,253,183
4133,253,805306370,253,190
4133,253,1073741824,253,189
4133,253,1073741825,253,182
4133,253,1073741826,253,174
4133,254,805306368,254,173
4133,254,805306369,254,183
4133,254,805306370,254,188
4133,254,1073741824,254,187
4133,254,1073741825,254,182
4133,254,1073741826,254,172
4133,255,805306368,255,172
4133,255,805306369,255,183
4133,255,805306370,255,185
4133,255,1073741824,255,184
4133,255,1073741825,255,182
4133,255,1073741826,255,171
4133,256,805306368,256,171
4133,256,805306369,256,182
4133,256,805306370,256,183
4133,256,1073741824,256,182
4133,256,1073741825,256,181
4133,256,1073741826,256,170
4133,257,805306368,257,170
4133,257,805306369,257,180
4133,257,805306370,257,181
4133,257,1073741824,257,180
4133,257,1073741825,257,179
4133,257,1073741826,257,169
4133,258,805306368,258,169
4133,258,1073741824,258,168
4133,259,805306368,259,168
4133,259,1073741824,259,167
4133,260,805306368,260,166
4133,260,1073741824,260,165
4133,261,805306368,261,165
4133,261,1073741824,261,164
4133,262,805306368,262,164
4133,262,1073741824,262,163
4133,263,805306368,263,163
4133,263,1073741824,263,162
4133,264,805306368,264,162
4133,264,1073741824,264,161
4133,265,805306368,265,161
4133,265,1073741824,265,160
4133,266,805306368,266,160
4133,266,1073741824,266,159
4133,267,805306368,267,35
4133,267,805306369,267,36
4133,267,805306370,267,159
4133,267,1073741824,267,158
4133,267,1073741825,267,35
4133,267,1073741826,267,34
4133,268,805306368,268,34
4133,268,805306369,268,36
4133,268,805306370,268,41
4133,268,805306371,268,43
4133,268,805306372,268,158
4133,268,1073741824,268,157
4133,268,1073741825,268,42
4133,268,1073741826,268,40
4133,268,1073741827,268,35
4133,268,1073741828,268,33
4133,269,805306368,269,32
4133,269,805306369,269,36
4133,269,805306370,269,40
4133,269,805306371,269,42
4133,269,805306372,269,75
4133,269,805306373,269,78
4133,269,805306374,269,157
4133,269,1073741824,269,156
4133,269,1073741825,269,77
4133,269,1073741826,269,74
4133,269,1073741827,269,41
4133,269,1073741828,269,39
4133,269,1073741829,269,35
4133,269,1073741830,269,31
4133,270,805306368,270,31
4133,270,805306369,270,35
4133,270,805306370,270,39
4133,270,805306371,270,41
4133,270,805306372,270,51
4133,270,805306373,270,56
4133,270,805306374,270,74
4133,270,805306375,270,80
4133,270,805306376,270,156
4133,270,1073741824,270,155
4133,270,1073741825,270,79
4133,270,1073741826,270,73
4133,270,1073741827,270,55
4133,270,1073741828,270,50
4133,270,1073741829,270,40
4133,270,1073741830,270,38
4133,270,1073741831,270,34
4133,270,1073741832,270,30
4133,271,805306368,271,30
4133,271,805306369,271,35
4133,271,805306370,271,37
4133,271,805306371,271,41
4133,271,805306372,271,44
4133,271,805306373,271,54
4133,271,805306374,271,73
4133,271,805306375,271,81
4133,271,805306376,271,88
4133,271,805306377,271,91
4133,271,805306378,271,155
4133,271,1073741824,271,154
4133,271,1073741825,271,90
4133,271,1073741826,271,87
4133,271,1073741827,271,80
4133,271,1073741828,271,72
4133,271,1073741829,271,53
4133,271,1073741830,271,43
4133,271,1073741831,271,40
4133,271,1073741832,271,36
4133,271,1073741833,271,34
4133,271,1073741834,271,29
4133,272,805306368,272,29
4133,272,805306369,272,34
4133,272,805306370,272,36
4133,272,805306371,272,52
4133,272,805306372,272,73
4133,272,805306373,272,83
4133,272,805306374,272,86
4133,272,805306375,272,93
4133,272,805306376,272,155
4133,272,1073741824,272,154
4133,272,1073741825,272,92
4133,272,1073741826,272,85
4133,272,1073741827,272,82
4133,272,1073741828,272,72
4133,272,1073741829,272,51
4133,272,1073741830,272,35
4133,272,1073741831,272,33
4133,272,1073741832,272,28
4133,273,805306368,273,28
4133,273,805306369,273,51
4133,273,805306370,273,55
4133,273,805306371,273,58
4133,273,805306372,273,73
4133,273,805306373,273,100
4133,273,805306374,273,154
4133,273,1073741824,273,153
4133,273,1073741825,273,99
4133,273,1073741826,273,72
4133,273,1073741827,273,57
4133,273,1073741828,273,54
4133,273,1073741829,273,50
4133,273,1073741830,273,27
4133,274,805306368,274,27
4133,274,805306369,274,58
4133,274,805306370,274,73
4133,274,805306371,274,109
4133,274,805306372,274,153
4133,274,1073741824,274,152
4133,274,1073741825,274,108
4133,274,1073741826,274,72
4133,274,1073741827,274,57
4133,274,1073741828,274,26
4133,275,805306368,275,26
4133,275,805306369,275,61
4133,275,805306370,275,72
4133,275,805306371,275,112
4133,275,805306372,275,153
4133,275,1073741824,275,152
4133,275,1073741825,275,111
4133,275,1073741826,275,71
4133,275,1073741827,275,60
4133,275,1073741828,275,25
4133,276,805306368,276,25
4133,276,805306369,276,61
4133,276,805306370,276,72
4133,276,805306371,276,112
4133,276,805306372,276,152
4133,276,1073741824,276,151
4133,276,1073741825,276,111
4133,276,1073741826,276,71
4133,276,1073741827,276,60
4133,276,1073741828,276,24
4133,277,805306368,277,24
4133,277,805306369,277,64
4133,277,805306370,277,71
4133,277,805306371,277,113
4133,277,805306372,277,151
4133,277,1073741824,277,150
4133,277,1073741825,277,112
4133,277,1073741826,277,70
4133,277,1073741827,277,63
4133,277,1073741828,277,23
4133,278,805306368,278,23
4133,278,805306369,278,67
4133,278,805306370,278,70
4133,278,805306371,278,113
4133,278,805306372,278,150
4133,278,1073741824,278,149
4133,278,1073741825,278,112
4133,278,1073741826,278,69
4133,278,1073741827,278,66
4133,278,1073741828,278,22
4133,279,805306368,279,22
4133,279,805306369,279,61
4133,279,805306370,279,65
4133,279,805306371,279,114
4133,279,805306372,279,149
4133,279,1073741824,279,148
4133,279,1073741825,279,113
4133,279,1073741826,279,64
4133,279,1073741827,279,60
4133,279,1073741828,279,21
4133,280,805306368,280,21
4133,280,805306369,280,114
4133,280,805306370,280,148
4133,280,1073741824,280,147
4133,280,1073741825,280,113
4133,280,1073741826,280,20
4133,281,805306368,281,20
4133,281,805306369,281,114
4133,281,805306370,281,147
4133,281,1073741824,281,146
4133,281,1073741825,281,113
4133,281,1073741826,281,19
4133,282,805306368,282,19
4133,282,805306369,282,114
4133,282,805306370,282,147
4133,282,1073741824,282,146
4133,282,1073741825,282,113
4133,282,1073741826,282,18
4133,283,805306368,283,18
4133,283,805306369,283,114
4133,283,805306370,283,146
4133,283,1073741824,283,145
4133,283,1073741825,283,113
4133,283,1073741826,283,17
4133,284,805306368,284,17
4133,284,805306369,284,114
4133,284,805306370,284,144
4133,284,1073741824,284,143
4133,284,1073741825,284,113
4133,284,1073741826,284,16
4133,285,805306368,285,16
4133,285,805306369,285,114
4133,285,805306370,285,143
4133,285,1073741824,285,142
4133,285,1073741825,285,113
4133,285,1073741826,285,15
4133,286,805306368,286,15
4133,286,805306369,286,114
4133,286,805306370,286,118
4133,286,805306371,286,120
4133,286,805306372,286,143
4133,286,1073741824,286,142
4133,286,1073741825,286,119
4133,286,1073741826,286,117
4133,286,1073741827,286,113
4133,286,1073741828,286,14
4133,287,805306368,287,14
4133,287,805306369,287,114
4133,287,805306370,287,117
4133,287,805306371,287,120
4133,287,805306372,287,142
4133,287,1073741824,287,141
4133,287,1073741825,287,119
4133,287,1073741826,287,116
4133,287,1073741827,287,113
4133,287,1073741828,287,13
4133,288,805306368,288,13
4133,288,805306369,288,119
4133,288,805306370,288,121
4133,288,805306371,288,122
4133,288,805306372,288,136
4133,288,805306373,288,140
4133,288,805306374,288,141
4133,288,1073741824,288,140
4133,288,1073741825,288,139
4133,288,1073741826,288,135
4133,288,1073741827,288,121
4133,288,1073741828,288,120
4133,288,1073741829,288,118
4133,288,1073741830,288,12
4133,289,805306368,289,12
4133,289,805306369,289,119
4133,289,805306370,289,120
4133,289,805306371,289,122
4133,289,805306372,289,135
4133,289,1073741824,289,134
4133,289,1073741825,289,121
4133,289,1073741826,289,119
4133,289,1073741827,289,118
4133,289,1073741828,289,11
4133,290,805306368,290,11
4133,290,805306369,290,121
4133,290,805306370,290,134
4133,290,1073741824,290,133
4133,290,1073741825,290,120
4133,290,1073741826,290,10
4133,291,805306368,291,11
4133,291,805306369,291,121
4133,291,805306370,291,134
4133,291,1073741824,291,133
4133,291,1073741825,291,120
4133,291,1073741826,291,10
4133,292,805306368,292,10
4133,292,805306369,292,120
4133,292,805306370,292,133
4133,292,1073741824,292,132
4133,292,1073741825,292,119
4133,292,1073741826,292,9
4133,293,805306368,293,9
4133,293,805306369,293,119
4133,293,805306370,293,133
4133,293,1073741824,293,132
4133,293,1073741825,293,118
4133,293,1073741826,293,8
4133,294,805306368,294,9
4133,294,805306369,294,118
4133,294,805306370,294,128
4133,294,1073741824,294,127
4133,294,1073741825,294,117
4133,294,1073741826,294,8
4133,295,805306368,295,8
4133,295,1073741824,295,7
4133,296,805306368,296,7
4133,296,1073741824,296,6
4133,297,805306368,297,7
4133,297,1073741824,297,6
4133,298,805306368,298,7
4133,298,1073741824,298,6
4133,299,805306368,299,6
4133,299,1073741824,299,5
4133,300,805306368,300,6
4133,300,1073741824,300,5
4133,301,805306368,301,6
4133,301,1073741824,301,5
4133,302,805306368,302,5
4133,302,1073741824,302,4
4133,303,805306368,303,5
4133,303,1073741824,303,4
4133,304,805306368,304,5
4133,304,1073741824,304,4
4133,305,805306368,305,4
4133,305,1073741824,305,3
4133,306,805306368,306,4
4133,306,1073741824,306,3
4133,307,805306368,307,4
4133,307,1073741824,307,3
4133,308,805306368,308,4
4133,308,1073741824,308,3
4133,309,805306368,309,3
4133,309,1073741824,309,2
4133,310,805306368,310,3
4133,310,1073741824,310,2
4133,311,805306368,311,3
4133,311,1073741824,311,2
4133,312,805306368,312,2
4133,312,1073741824,312,1
4133,313,805306368,313,2
4133,313,1073741824,313,1
4133,314,805306368,314,2
4133,314,1073741824,314,1
4133,315,805306368,315,1
4133,315,1073741824,315,0
4133,316,1879048192,316,0
4133,316,2147483648,316,359
4133,317,1879048192,317,0
4133,317,2147483648,317,359
4133,318,1879048192,318,0
4133,318,2147483648,318,359
4133,319,1879048192,319,0
4133,319,2147483648,319,359
4133,320,1879048192,320,0
4133,320,2147483648,320,359
4133,321,1879048192,321,0
4133,321,2147483648,321,359
4133,322,1879048192,322,0
4133,322,2147483648,322,359
4133,323,1879048192,323,0
4133,323,2147483648,323,359
4133,324,1879048192,324,0
4133,324,2147483648,324,359
4133,325,1879048192,325,0
4133,325,2147483648,325,359
4133,326,805306368,326,128
4133,326,805306369,326,130
4133,326,1073741824,326,129
4133,326,1073741825,326,127
4133,327,805306368,327,127
4133,327,805306369,327,130
4133,327,805306370,327,256
4133,327,805306371,327,267
4133,327,1073741824,327,266
4133,327,1073741825,327,255
4133,327,1073741826,327,129
4133,327,1073741827,327,126
4133,328,805306368,328,248
4133,328,805306369,328,280
4133,328,1073741824,328,279
4133,328,1073741825,328,247
4133,329,805306368,329,244
4133,329,805306369,329,288
4133,329,1073741824,329,287
4133,329,1073741825,329,243
4133,330,805306368,330,140
4133,330,805306369,330,141
4133,330,805306370,330,242
4133,330,805306371,330,291
4133,330,1073741824,330,290
4133,330,1073741825,330,241
4133,330,1073741826,330,140
4133,330,1073741827,330,139
4133,331,805306368,331,140
4133,331,805306369,331,142
4133,331,805306370,331,242
4133,331,805306371,331,293
4133,331,1073741824,331,292
4133,331,1073741825,331,241
4133,331,1073741826,331,141
4133,331,1073741827,331,139
4133,332,805306368,332,141
4133,332,805306369,332,142
4133,332,805306370,332,242
4133,332,805306371,332,295
4133,332,1073741824,332,294
4133,332,1073741825,332,241
4133,332,1073741826,332,141
4133,332,1073741827,332,140
4133,333,805306368,333,242
4133,333,805306369,333,298
4133,333,1073741824,333,297
4133,333,1073741825,333,241
4133,334,805306368,334,224
4133,334,805306369,334,230
4133,334,805306370,334,242
4133,334,805306371,334,301
4133,334,1073741824,334,300
4133,334,1073741825,334,241
4133,334,1073741826,334,229
4133,334,1073741827,334,223
4133,335,805306368,335,221
4133,335,805306369,335,235
4133,335,805306370,335,242
4133,335,805306371,335,307
4133,335,805306372,335,309
4133,335,805306373,335,311
4133,335,1073741824,335,310
4133,335,1073741825,335,308
4133,335,1073741826,335,306
4133,335,1073741827,335,241
4133,335,1073741828,335,234
4133,335,1073741829,335,220
4133,336,805306368,336,219
4133,336,805306369,336,238
4133,336,805306370,336,243
4133,336,805306371,336,312
4133,336,1073741824,336,311
4133,336,1073741825,336,242
4133,336,1073741826,336,237
4133,336,1073741827,336,218
4133,337,805306368,337,219
4133,337,805306369,337,240
4133,337,805306370,337,243
4133,337,805306371,337,314
4133,337,1073741824,337,313
4133,337,1073741825,337,242
4133,337,1073741826,337,239
4133,337,1073741827,337,218
4133,338,805306368,338,218
4133,338,805306369,338,242
4133,338,805306370,338,243
4133,338,805306371,338,316
4133,338,1073741824,338,315
4133,338,1073741825,338,242
4133,338,1073741826,338,241
4133,338,1073741827,338,217
4133,339,805306368,339,217
4133,339,805306369,339,317
4133,339,1073741824,339,316
4133,339,1073741825,339,216
4133,340,805306368,340,217
4133,340,805306369,340,319
4133,340,1073741824,340,318
4133,340,1073741825,340,216
4133,341,805306368,341,148
4133,341,805306369,341,150
4133,341,805306370,341,216
4133,341,805306371,341,320
4133,341,1073741824,341,319
4133,341,1073741825,341,215
4133,341,1073741826,341,149
4133,341,1073741827,341,147
4133,342,805306368,342,148
4133,342,805306369,342,152
4133,342,805306370,342,215
4133,342,805306371,342,322
4133,342,1073741824,342,321
4133,342,1073741825,342,214
4133,342,1073741826,342,151
4133,342,1073741827,342,147
4133,343,805306368,343,1
4133,343,805306369,343,150
4133,343,805306370,343,153
4133,343,805306371,343,213
4133,343,805306372,343,323
4133,343,1073741824,343,322
4133,343,1073741825,343,212
4133,343,1073741826,343,152
4133,343,1073741827,343,149
4133,343,1073741828,343,0
4133,344,805306368,344,1
4133,344,805306369,344,152
4133,344,805306370,344,155
4133,344,805306371,344,212
4133,344,805306372,344,325
4133,344,1073741824,344,324
4133,344,1073741825,344,211
4133,344,1073741826,344,154
4133,344,1073741827,344,151
4133,344,1073741828,344,0
4133,345,805306368,345,1
4133,345,805306369,345,148
4133,345,805306370,345,150
4133,345,805306371,345,154
4133,345,805306372,345,157
4133,345,805306373,345,210
4133,345,805306374,345,326
4133,345,1073741824,345,325
4133,345,1073741825,345,209
4133,345,1073741826,345,156
4133,345,1073741827,345,153
4133,345,1073741828,345,149
4133,345,1073741829,345,147
4133,345,1073741830,345,0
4133,346,805306368,346,1
4133,346,805306369,346,149
4133,346,805306370,346,152
4133,346,805306371,346,156
4133,346,805306372,346,159
4133,346,805306373,346,207
4133,346,805306374,346,328
4133,346,1073741824,346,327
4133,346,1073741825,346,206
4133,346,1073741826,346,158
4133,346,1073741827,346,155
4133,346,1073741828,346,151
4133,346,1073741829,346,148
4133,346,1073741830,346,0
4133,347,805306368,347,1
4133,347,805306369,347,151
4133,347,805306370,347,155
4133,347,805306371,347,157
4133,347,805306372,347,162
4133,347,805306373,347,204
4133,347,805306374,347,330
4133,347,1073741824,347,329
4133,347,1073741825,347,203
4133,347,1073741826,347,161
4133,347,1073741827,347,156
4133,347,1073741828,347,154
4133,347,1073741829,347,150
4133,347,1073741830,347,0
4133,348,805306368,348,2
4133,348,805306369,348,153
4133,348,805306370,348,166
4133,348,805306371,348,200
4133,348,805306372,348,211
4133,348,805306373,348,212
4133,348,805306374,348,331
4133,348,1073741824,348,330
4133,348,1073741825,348,211
4133,348,1073741826,348,210
4133,348,1073741827,348,199
4133,348,1073741828,348,165
4133,348,1073741829,348,152
4133,348,1073741830,348,1
4133,349,805306368,349,2
4133,349,805306369,349,154
4133,349,805306370,349,170
4133,349,805306371,349,213
4133,349,805306372,349,333
4133,349,1073741824,349,332
4133,349,1073741825,349,212
4133,349,1073741826,349,169
4133,349,1073741827,349,153
4133,349,1073741828,349,1
4133,350,805306368,350,2
4133,350,805306369,350,156
4133,350,805306370,350,174
4133,350,805306371,350,214
4133,350,805306372,350,334
4133,350,1073741824,350,333
4133,350,1073741825,350,213
4133,350,1073741826,350,173
4133,350,1073741827,350,155
4133,350,1073741828,350,1
4133,351,805306368,351,3
4133,351,805306369,351,158
4133,351,805306370,351,179
4133,351,805306371,351,211
4133,351,805306372,351,214
4133,351,805306373,351,215
4133,351,805306374,351,336
4133,351,1073741824,351,335
4133,351,1073741825,351,214
4133,351,1073741826,351,213
4133,351,1073741827,351,210
4133,351,1073741828,351,178
4133,351,1073741829,351,157
4133,351,1073741830,351,2
4133,352,805306368,352,3
4133,352,805306369,352,158
4133,352,805306370,352,184
4133,352,805306371,352,208
4133,352,805306372,352,338
4133,352,1073741824,352,337
4133,352,1073741825,352,207
4133,352,1073741826,352,183
4133,352,1073741827,352,157
4133,352,1073741828,352,2
4133,353,805306368,353,3
4133,353,805306369,353,155
4133,353,805306370,353,188
4133,353,805306371,353,207
4133,353,805306372,353,339
4133,353,1073741824,353,338
4133,353,1073741825,353,206
4133,353,1073741826,353,187
4133,353,1073741827,353,154
4133,353,1073741828,353,2
4133,354,805306368,354,4
4133,354,805306369,354,156
4133,354,805306370,354,192
4133,354,805306371,354,208
4133,354,805306372,354,341
4133,354,1073741824,354,340
4133,354,1073741825,354,207
4133,354,1073741826,354,191
4133,354,1073741827,354,155
4133,354,1073741828,354,3
4133,355,805306368,355,4
4133,355,805306369,355,159
4133,355,805306370,355,197
4133,355,805306371,355,204
4133,355,805306372,355,343
4133,355,1073741824,355,342
4133,355,1073741825,355,203
4133,355,1073741826,355,196
4133,355,1073741827,355,158
4133,355,1073741828,355,3
4133,356,805306368,356,5
4133,356,805306369,356,161
4133,356,805306370,356,344
4133,356,1073741824,356,343
4133,356,1073741825,356,160
4133,356,1073741826,356,4
4133,357,805306368,357,5
4133,357,805306369,357,163
4133,357,805306370,357,346
4133,357,1073741824,357,345
4133,357,1073741825,357,162
4133,357,1073741826,357,4
4133,358,805306368,358,6
4133,358,805306369,358,158
4133,358,805306370,358,160
4133,358,805306371,358,162
4133,358,805306372,358,347
4133,358,1073741824,358,346
4133,358,1073741825,358,161
4133,358,1073741826,358,159
4133,358,1073741827,358,157
4133,358,1073741828,358,5
4133,359,805306368,359,6
4133,359,805306369,359,159
4133,359,805306370,359,349
4133,359,1073741824,359,348
4133,359,1073741825,359,158
4133,359,1073741826,359,5
4133,360,805306368,360,7
4133,360,805306369,360,160
4133,360,805306370,360,351
4133,360,1073741824,360,350
4133,360,1073741825,360,159
4133,360,1073741826,360,6
4133,361,805306368,361,7
4133,361,805306369,361,161
4133,361,805306370,361,353
4133,361,1073741824,361,352
4133,361,1073741825,361,160
4133,361,1073741826,361,6
4133,362,805306368,362,8
4133,362,805306369,362,157
4133,362,805306370,362,355
4133,362,1073741824,362,354
4133,362,1073741825,362,156
4133,362,1073741826,362,7
4133,363,805306368,363,8
4133,363,805306369,363,158
4133,363,805306370,363,356
4133,363,1073741824,363,355
4133,363,1073741825,363,157
4133,363,1073741826,363,7
4133,364,805306368,364,9
4133,364,805306369,364,159
4133,364,805306370,364,358
4133,364,1073741824,364,357
4133,364,1073741825,364,158
4133,364,1073741826,364,8
4133,365,805306368,365,10
4133,365,805306369,365,159
4133,365,1073741824,365,158
4133,365,1073741825,365,9
4133,366,805306368,366,10
4133,366,805306369,366,158
4133,366,1073741824,366,157
4133,366,1073741825,366,9
4133,367,805306368,367,11
4133,367,805306369,367,160
4133,367,1073741824,367,159
4133,367,1073741825,367,10
4133,368,805306368,368,12
4133,368,805306369,368,161
4133,368,1073741824,368,160
4133,368,1073741825,368,11
4133,369,805306368,369,13
4133,369,805306369,369,162
4133,369,1073741824,369,161
4133,369,1073741825,369,12
4133,370,805306368,370,13
4133,370,805306369,370,164
4133,370,1073741824,370,163
4133,370,1073741825,370,12
4133,371,805306368,371,14
4133,371,805306369,371,165
4133,371,1073741824,371,164
4133,371,1073741825,371,13
4133,372,805306368,372,15
4133,372,805306369,372,166
4133,372,1073741824,372,165
4133,372,1073741825,372,14
4133,373,805306368,373,16
4133,373,805306369,373,167
4133,373,1073741824,373,166
4133,373,1073741825,373,15
4133,374,805306368,374,17
4133,374,805306369,374,155
4133,374,1073741824,374,154
4133,374,1073741825,374,16
4133,375,805306368,375,18
4133,375,805306369,375,155
4133,375,1073741824,375,154
4133,375,1073741825,375,17
4133,376,805306368,376,19
4133,376,805306369,376,155
4133,376,1073741824,376,154
4133,376,1073741825,376,18
4133,377,805306368,377,20
4133,377,805306369,377,153
4133,377,805306370,377,154
4133,377,805306371,377,156
4133,377,1073741824,377,155
4133,377,1073741825,377,153
4133,377,1073741826,377,152
4133,377,1073741827,377,19
4133,378,805306368,378,21
4133,378,805306369,378,154
4133,378,1073741824,378,153
4133,378,1073741825,378,20
4133,379,805306368,379,22
4133,379,805306369,379,155
4133,379,1073741824,379,154
4133,379,1073741825,379,21
4133,380,805306368,380,23
4133,380,805306369,380,157
4133,380,1073741824,380,156
4133,380,1073741825,380,22
4133,381,805306368,381,24
4133,381,805306369,381,159
4133,381,1073741824,381,158
4133,381,1073741825,381,23
4133,382,805306368,382,25
4133,382,805306369,382,161
4133,382,1073741824,382,160
4133,382,1073741825,382,24
4133,383,805306368,383,26
4133,383,805306369,383,108
4133,383,805306370,383,111
4133,383,805306371,383,141
4133,383,805306372,383,142
4133,383,805306373,383,157
4133,383,805306374,383,160
4133,383,805306375,383,162
4133,383,1073741824,383,161
4133,383,1073741825,383,159
4133,383,1073741826,383,156
4133,383,1073741827,383,141
4133,383,1073741828,383,140
4133,383,1073741829,383,110
4133,383,1073741830,383,107
4133,383,1073741831,383,25
4133,384,805306368,384,28
4133,384,805306369,384,103
4133,384,805306370,384,117
4133,384,805306371,384,142
4133,384,805306372,384,144
4133,384,805306373,384,157
4133,384,1073741824,384,156
4133,384,1073741825,384,143
4133,384,1073741826,384,141
4133,384,1073741827,384,116
4133,384,1073741828,384,102
4133,384,1073741829,384,27
4133,385,805306368,385,30
4133,385,805306369,385,100
4133,385,805306370,385,118
4133,385,805306371,385,143
4133,385,805306372,385,145
4133,385,805306373,385,157
4133,385,1073741824,385,156
4133,385,1073741825,385,144
4133,385,1073741826,385,142
4133,385,1073741827,385,117
4133,385,1073741828,385,99
4133,385,1073741829,385,29
4133,386,805306368,386,32
4133,386,805306369,386,97
4133,386,805306370,386,120
4133,386,805306371,386,143
4133,386,805306372,386,147
4133,386,805306373,386,151
4133,386,805306374,386,152
4133,386,805306375,386,157
4133,386,1073741824,386,156
4133,386,1073741825,386,151
4133,386,1073741826,386,150
4133,386,1073741827,386,146
4133,386,1073741828,386,142
4133,386,1073741829,386,119
4133,386,1073741830,386,96
4133,386,1073741831,386,31
4133,387,805306368,387,34
4133,387,805306369,387,94
4133,387,805306370,387,122
4133,387,805306371,387,144
4133,387,805306372,387,148
4133,387,805306373,387,152
4133,387,805306374,387,155
4133,387,805306375,387,158
4133,387,1073741824,387,157
4133,387,1073741825,387,154
4133,387,1073741826,387,151
4133,387,1073741827,387,147
4133,387,1073741828,387,143
4133,387,1073741829,387,121
4133,387,1073741830,387,93
4133,387,1073741831,387,33
4133,388,805306368,388,37
4133,388,805306369,388,91
4133,388,805306370,388,124
4133,388,805306371,388,145
4133,388,805306372,388,150
4133,388,805306373,388,152
4133,388,805306374,388,157
4133,388,805306375,388,160
4133,388,1073741824,388,159
4133,388,1073741825,388,156
4133,388,1073741826,388,151
4133,388,1073741827,388,149
4133,388,1073741828,388,144
4133,388,1073741829,388,123
4133,388,1073741830,388,90
4133,388,1073741831,388,36
4133,389,805306368,389,40
4133,389,805306369,389,88
4133,389,805306370,389,125
4133,389,805306371,389,147
4133,389,1073741824,389,146
4133,389,1073741825,389,124
4133,389,1073741826,389,87
4133,389,1073741827,389,39
4133,390,805306368,390,43
4133,390,805306369,390,85
4133,390,805306370,390,127
4133,390,805306371,390,148
4133,390,1073741824,390,147
4133,390,1073741825,390,126
4133,390,1073741826,390,84
4133,390,1073741827,390,42
4133,391,805306368,391,50
4133,391,805306369,391,82
4133,391,805306370,391,129
4133,391,805306371,391,135
4133,391,805306372,391,138
4133,391,805306373,391,150
4133,391,1073741824,391,149
4133,391,1073741825,391,137
4133,391,1073741826,391,134
4133,391,1073741827,391,128
4133,391,1073741828,391,81
4133,391,1073741829,391,49
4133,392,805306368,392,57
4133,392,805306369,392,78
4133,392,805306370,392,131
4133,392,805306371,392,132
4133,392,805306372,392,133
4133,392,805306373,392,135
4133,392,805306374,392,141
4133,392,805306375,392,151
4133,392,1073741824,392,150
4133,392,1073741825,392,140
4133,392,1073741826,392,134
4133,392,1073741827,392,132
4133,392,1073741828,392,131
4133,392,1073741829,392,130
4133,392,1073741830,392,77
4133,392,1073741831,392,56
4133,393,805306368,393,63
4133,393,805306369,393,71
4133,393,805306370,393,134
4133,393,805306371,393,136
4133,393,805306372,393,147
4133,393,805306373,393,152
4133,393,1073741824,393,151
4133,393,1073741825,393,146
4133,393,1073741826,393,135
4133,393,1073741827,393,133
4133,393,1073741828,393,70
4133,393,1073741829,393,62
4133,394,805306368,394,135
4133,394,805306369,394,136
4133,394,805306370,394,148
4133,394,805306371,394,150
4133,394,1073741824,394,149
4133,394,1073741825,394,147
4133,394,1073741826,394,135
4133,394,1073741827,394,134
4133,395,1879048192,395,0
4133,395,2147483648,395,359
4133,396,1879048192,396,0
4133,396,2147483648,396,359
4133,397,1879048192,397,0
4133,397,2147483648,397,359
4133,398,1879048192,398,0
4133,398,2147483648,398,359
4133,399,1879048192,399,0
4133,399,2147483648,399,359
4133,400,1879048192,400,0
4133,400,2147483648,400,359
4133,401,1879048192,401,0
4133,401,2147483648,401,359
4133,402,1879048192,402,0
4133,402,2147483648,402,359
4133,403,1879048192,403,0
4133,403,2147483648,403,359
4133,404,1879048192,404,0
4133,404,2147483648,404,359
4133,405,1879048192,405,0
4133,405,2147483648,405,359
4133,406,1879048192,406,0
4133,406,2147483648,406,359
4133,407,1879048192,407,0
4133,407,2147483648,407,359
4133,408,1879048192,408,0
4133,408,2147483648,408,359
4133,409,1879048192,409,0
4133,409,2147483648,409,359
4133,410,1879048192,410,0
4133,410,2147483648,410,359
4133,411,1879048192,411,0
4133,411,2147483648,411,359
4133,412,1879048192,412,0
4133,412,2147483648,412,359
4133,413,1879048192,413,0
4133,413,2147483648,413,359
4133,414,1879048192,414,0
4133,414,2147483648,414,359
4133,415,1879048192,415,0
4133,415,2147483648,415,359
4133,416,1879048192,416,0
4133,416,2147483648,416,359
4133,417,1879048192,417,0
4133,417,2147483648,417,359
4133,418,1879048192,418,0
4133,418,2147483648,418,359
4133,419,1879048192,419,0
4133,419,2147483648,419,359
4133,420,1879048192,420,0
4133,420,2147483648,420,359
4133,421,1879048192,421,0
4133,421,2147483648,421,359
4133,422,1879048192,422,0
4133,422,2147483648,422,359
4133,423,1879048192,423,0
4133,423,2147483648,423,359
4133,424,1879048192,424,0
4133,424,2147483648,424,359
4133,425,1879048192,425,0
4133,425,2147483648,425,359
4133,426,1879048192,426,0
4133,426,2147483648,426,359
4133,427,1879048192,427,0
4133,427,2147483648,427,359
4133,428,1879048192,428,0
4133,428,2147483648,428,359
4133,429,1879048192,429,0
4133,429,2147483648,429,359
4133,430,1879048192,430,0
4133,430,2147483648,430,359
4133,431,1879048192,431,0
4133,431,2147483648,431,359
4133,432,1879048192,432,0
4133,432,2147483648,432,359
4133,433,1879048192,433,0
4133,433,2147483648,433,359
4133,434,1879048192,434,0
4133,434,2147483648,434,359
4133,435,1879048192,435,0
4133,435,2147483648,435,359
4133,436,1879048192,436,0
4133,436,2147483648,436,359
4133,437,1879048192,437,0
4133,437,2147483648,437,359
4133,438,1879048192,438,0
4133,438,2147483648,438,359
4133,439,1879048192,439,0
4133,439,2147483648,439,359
4133,440,1879048192,440,0
4133,440,2147483648,440,359
4133,441,1879048192,441,0
4133,441,2147483648,441,359
4133,442,1879048192,442,0
4133,442,2147483648,442,359
4133,443,1879048192,443,0
4133,443,2147483648,443,359
4133,444,1879048192,444,0
4133,444,2147483648,444,359
4133,445,1879048192,445,0
4133,445,2147483648,445,359
4133,446,1879048192,446,0
4133,446,2147483648,446,359
4133,447,1879048192,447,0
4133,447,2147483648,447,359
4133,448,1879048192,448,0
4133,448,2147483648,448,359
4133,449,1879048192,449,0
4133,449,2147483648,449,359
4133,450,1879048192,450,0
4133,450,2147483648,450,359
4133,451,1879048192,451,0
4133,451,2147483648,451,359
4133,452,1879048192,452,0
4133,452,2147483648,452,359
4133,453,1879048192,453,0
4133,453,2147483648,453,359
4133,454,1879048192,454,0
4133,454,2147483648,454,359
4133,455,1879048192,455,0
4133,455,2147483648,455,359
4133,456,1879048192,456,0
4133,456,2147483648,456,359
4133,457,1879048192,457,0
4133,457,2147483648,457,359
4133,458,1879048192,458,0
4133,458,2147483648,458,359
4133,459,1879048192,459,0
4133,459,2147483648,459,359
4133,460,1879048192,460,0
4133,460,2147483648,460,359
4133,461,1879048192,461,0
4133,461,2147483648,461,359
4133,462,1879048192,462,0
4133,462,2147483648,462,359
4133,463,1879048192,463,0
4133,463,2147483648,463,359
4133,464,1879048192,464,0
4133,464,2147483648,464,359
4133,465,1879048192,465,0
4133,465,2147483648,465,359
4133,466,1879048192,466,0
4133,466,2147483648,466,359
4133,467,1879048192,467,0
4133,467,2147483648,467,359
4133,468,1879048192,468,0
4133,468,2147483648,468,359
4133,469,1879048192,469,0
4133,469,2147483648,469,359
4133,470,1879048192,470,0
4133,470,2147483648,470,359
4133,471,1879048192,471,0
4133,471,2147483648,471,359
4133,472,1879048192,472,0
4133,472,2147483648,472,359
4133,473,1879048192,473,0
4133,473,2147483648,473,359
4133,474,1879048192,474,0
4133,474,2147483648,474,359
4133,475,1879048192,475,0
4133,475,2147483648,475,359
4133,476,1879048192,476,0
4133,476,2147483648,476,359
4133,477,1879048192,477,0
4133,477,2147483648,477,359
4133,478,1879048192,478,0
4133,478,2147483648,478,359
4133,479,1879048192,479,0
4133,479,2147483648,479,359
4134,311,268435456,311,0
4134,355,268435457,355,0
4134,354,536870912,354,0
4134,310,536870913,310,0
4134,308,268435456,308,1
4134,357,268435457,357,1
4134,356,536870912,356,1
4134,307,536870913,307,1
4134,304,268435456,304,2
4134,359,268435457,359,2
4134,358,536870912,358,2
4134,303,536870913,303,2
4134,301,268435456,301,3
4134,361,268435457,361,3
4134,360,536870912,360,3
4134,300,536870913,300,3
4134,298,268435456,298,4
4134,363,268435457,363,4
4134,362,536870912,362,4
4134,297,536870913,297,4
4134,297,268435456,297,5
4134,365,268435457,365,5
4134,364,536870912,364,5
4134,296,536870913,296,5
4134,295,268435456,295,6
4134,366,268435457,366,6
4134,365,536870912,365,6
4134,294,536870913,294,6
4134,294,268435456,294,7
4134,368,268435457,368,7
4134,367,536870912,367,7
4134,293,536870913,293,7
4134,292,268435456,292,8
4134,369,268435457,369,8
4134,368,536870912,368,8
4134,291,536870913,291,8
4134,291,268435456,291,9
4134,371,268435457,371,9
4134,370,536870912,370,9
4134,290,536870913,290,9
4134,290,268435456,290,10
4134,372,268435457,372,10
4134,371,536870912,371,10
4134,289,536870913,289,10
4134,289,268435456,289,11
4134,373,268435457,373,11
4134,372,536870912,372,11
4134,288,536870913,288,11
4134,287,268435456,287,12
4134,374,268435457,374,12
4134,373,536870912,373,12
4134,286,536870913,286,12
4134,286,268435456,286,13
4134,375,268435457,375,13
4134,374,536870912,374,13
4134,285,536870913,285,13
4134,285,268435456,285,14
4134,376,268435457,376,14
4134,375,536870912,375,14
4134,284,536870913,284,14
4134,284,268435456,284,15
4134,377,268435457,377,15
4134,376,536870912,376,15
4134,283,536870913,283,15
4134,283,268435456,283,16
4134,378,268435457,378,16
4134,377,536870912,377,16
4134,282,536870913,282,16
4134,282,268435456,282,17
4134,379,268435457,379,17
4134,378,536870912,378,17
4134,281,536870913,281,17
4134,281,268435456,281,18
4134,380,268435457,380,18
4134,379,536870912,379,18
4134,280,536870913,280,18
4134,280,268435456,280,19
4134,381,268435457,381,19
4134,380,536870912,380,19
4134,279,536870913,279,19
4134,279,268435456,279,20
4134,382,268435457,382,20
4134,381,536870912,381,20
4134,278,536870913,278,20
4134,278,268435456,278,21
4134,383,268435457,383,21
4134,382,536870912,382,21
4134,277,536870913,277,21
4134,277,268435456,277,22
4134,385,268435457,385,22
4134,384,536870912,384,22
4134,276,536870913,276,22
4134,276,268435456,276,23
4134,386,268435457,386,23
4134,385,536870912,385,23
4134,275,536870913,275,23
4134,275,268435456,275,24
4134,386,268435457,386,24
4134,385,536870912,385,24
4134,274,536870913,274,24
4134,275,268435456,275,25
4134,387,268435457,387,25
4134,386,536870912,386,25
4134,274,536870913,274,25
4134,274,268435456,274,26
4134,387,268435457,387,26
4134,386,536870912,386,26
4134,273,536870913,273,26
4134,273,268435456,273,27
4134,387,268435457,387,27
4134,386,536870912,386,27
4134,272,536870913,272,27
4134,272,268435456,272,28
4134,388,268435457,388,28
4134,387,536870912,387,28
4134,271,536870913,271,28
4134,271,268435456,271,29
4134,389,268435457,389,29
4134,388,536870912,388,29
4134,270,536870913,270,29
4134,270,268435456,270,30
4134,389,268435457,389,30
4134,388,536870912,388,30
4134,269,536870913,269,30
4134,269,268435456,269,31
4134,390,268435457,390,31
4134,389,536870912,389,31
4134,268,536870913,268,31
4134,269,268435456,269,32
4134,272,268435457,272,32
4134,274,268435458,274,32
4134,390,268435459,390,32
4134,389,536870912,389,32
4134,273,536870913,273,32
4134,271,536870914,271,32
4134,268,536870915,268,32
4134,268,268435456,268,33
4134,270,268435457,270,33
4134,274,268435458,274,33
4134,390,268435459,390,33
4134,389,536870912,389,33
4134,273,536870913,273,33
4134,269,536870914,269,33
4134,267,536870915,267,33
4134,273,268435456,273,34
4134,391,268435457,391,34
4134,390,536870912,390,34
4134,272,536870913,272,34
4134,272,268435456,272,35
4134,391,268435457,391,35
4134,390,536870912,390,35
4134,271,536870913,271,35
4134,271,268435456,271,36
4134,392,268435457,392,36
4134,391,536870912,391,36
4134,270,536870913,270,36
4134,271,268435456,271,37
4134,392,268435457,392,37
4134,391,536870912,391,37
4134,270,536870913,270,37
4134,270,268435456,270,38
4134,272,268435457,272,38
4134,273,268435458,273,38
4134,392,268435459,392,38
4134,391,536870912,391,38
4134,272,536870913,272,38
4134,271,536870914,271,38
4134,269,536870915,269,38
4134,269,268435456,269,39
4134,271,268435457,271,39
4134,273,268435458,273,39
4134,392,268435459,392,39
4134,391,536870912,391,39
4134,272,536870913,272,39
4134,270,536870914,270,39
4134,268,536870915,268,39
4134,269,268435456,269,40
4134,270,268435457,270,40
4134,273,268435458,273,40
4134,393,268435459,393,40
4134,392,536870912,392,40
4134,272,536870913,272,40
4134,269,536870914,269,40
4134,268,536870915,268,40
4134,272,268435456,272,41
4134,393,268435457,393,41
4134,392,536870912,392,41
4134,271,536870913,271,41
4134,272,268435456,272,42
4134,393,268435457,393,42
4134,392,536870912,392,42
4134,271,536870913,271,42
4134,272,268435456,272,43
4134,393,268435457,393,43
4134,392,536870912,392,43
4134,271,536870913,271,43
4134,272,268435456,272,44
4134,393,268435457,393,44
4134,392,536870912,392,44
4134,271,536870913,271,44
4134,272,268435456,272,45
4134,394,268435457,394,45
4134,393,536870912,393,45
4134,271,536870913,271,45
4134,272,268435456,272,46
4134,394,268435457,394,46
4134,393,536870912,393,46
4134,271,536870913,271,46
4134,272,268435456,272,47
4134,394,268435457,394,47
