Frame,Part of frame,Layer,X,Y
3888,350,1073741824,350,343
3888,350,1073741825,350,313
3888,351,805306368,351,318
3888,351,805306369,351,342
3888,351,1073741824,351,341
3888,351,1073741825,351,317
3888,352,805306368,352,323
3888,352,805306369,352,333
3888,352,1073741824,352,332
3888,352,1073741825,352,322
3888,353,1879048192,353,0
3888,353,2147483648,353,359
3888,354,1879048192,354,0
3888,354,2147483648,354,359
3888,355,1879048192,355,0
3888,355,2147483648,355,359
3888,356,1879048192,356,0
3888,356,2147483648,356,359
3888,357,1879048192,357,0
3888,357,2147483648,357,359
3888,358,1879048192,358,0
3888,358,2147483648,358,359
3888,359,1879048192,359,0
3888,359,2147483648,359,359
3888,360,1879048192,360,0
3888,360,2147483648,360,359
3888,361,1879048192,361,0
3888,361,2147483648,361,359
3888,362,1879048192,362,0
3888,362,2147483648,362,359
3888,363,1879048192,363,0
3888,363,2147483648,363,359
3888,364,1879048192,364,0
3888,364,2147483648,364,359
3888,365,1879048192,365,0
3888,365,2147483648,365,359
3888,366,1879048192,366,0
3888,366,2147483648,366,359
3888,367,1879048192,367,0
3888,367,2147483648,367,359
3888,368,1879048192,368,0
3888,368,2147483648,368,359
3888,369,1879048192,369,0
3888,369,2147483648,369,359
3888,370,1879048192,370,0
3888,370,2147483648,370,359
3888,371,1879048192,371,0
3888,371,2147483648,371,359
3888,372,1879048192,372,0
3888,372,2147483648,372,359
3888,373,1879048192,373,0
3888,373,2147483648,373,359
3888,374,1879048192,374,0
3888,374,2147483648,374,359
3888,375,1879048192,375,0
3888,375,2147483648,375,359
3888,376,1879048192,376,0
3888,376,2147483648,376,359
3888,377,1879048192,377,0
3888,377,2147483648,377,359
3888,378,1879048192,378,0
3888,378,2147483648,378,359
3888,379,1879048192,379,0
3888,379,2147483648,379,359
3888,380,1879048192,380,0
3888,380,2147483648,380,359
3888,381,1879048192,381,0
3888,381,2147483648,381,359
3888,382,1879048192,382,0
3888,382,2147483648,382,359
3888,383,1879048192,383,0
3888,383,2147483648,383,359
3888,384,1879048192,384,0
3888,384,2147483648,384,359
3888,385,1879048192,385,0
3888,385,2147483648,385,359
3888,386,1879048192,386,0
3888,386,2147483648,386,359
3888,387,1879048192,387,0
3888,387,2147483648,387,359
3888,388,1879048192,388,0
3888,388,2147483648,388,359
3888,389,1879048192,389,0
3888,389,2147483648,389,359
3888,390,1879048192,390,0
3888,390,2147483648,390,359
3888,391,1879048192,391,0
3888,391,2147483648,391,359
3888,392,1879048192,392,0
3888,392,2147483648,392,359
3888,393,1879048192,393,0
3888,393,2147483648,393,359
3888,394,1879048192,394,0
3888,394,2147483648,394,359
3888,395,1879048192,395,0
3888,395,2147483648,395,359
3888,396,1879048192,396,0
3888,396,2147483648,396,359
3888,397,1879048192,397,0
3888,397,2147483648,397,359
3888,398,1879048192,398,0
3888,398,2147483648,398,359
3888,399,1879048192,399,0
3888,399,2147483648,399,359
3888,400,1879048192,400,0
3888,400,2147483648,400,359
3888,401,1879048192,401,0
3888,401,2147483648,401,359
3888,402,1879048192,402,0
3888,402,2147483648,402,359
3888,403,1879048192,403,0
3888,403,2147483648,403,359
3888,404,1879048192,404,0
3888,404,2147483648,404,359
3888,405,1879048192,405,0
3888,405,2147483648,405,359
3888,406,1879048192,406,0
3888,406,2147483648,406,359
3888,407,1879048192,407,0
3888,407,2147483648,407,359
3888,408,1879048192,408,0
3888,408,2147483648,408,359
3888,409,1879048192,409,0
3888,409,2147483648,409,359
3888,410,1879048192,410,0
3888,410,2147483648,410,359
3888,411,1879048192,411,0
3888,411,2147483648,411,359
3888,412,1879048192,412,0
3888,412,2147483648,412,359
3888,413,1879048192,413,0
3888,413,2147483648,413,359
3888,414,1879048192,414,0
3888,414,2147483648,414,359
3888,415,1879048192,415,0
3888,415,2147483648,415,359
3888,416,1879048192,416,0
3888,416,2147483648,416,359
3888,417,1879048192,417,0
3888,417,2147483648,417,359
3888,418,1879048192,418,0
3888,418,2147483648,418,359
3888,419,1879048192,419,0
3888,419,2147483648,419,359
3888,420,1879048192,420,0
3888,420,2147483648,420,359
3888,421,1879048192,421,0
3888,421,2147483648,421,359
3888,422,1879048192,422,0
3888,422,2147483648,422,359
3888,423,1879048192,423,0
3888,423,2147483648,423,359
3888,424,1879048192,424,0
3888,424,2147483648,424,359
3888,425,1879048192,425,0
3888,425,2147483648,425,359
3888,426,1879048192,426,0
3888,426,2147483648,426,359
3888,427,1879048192,427,0
3888,427,2147483648,427,359
3888,428,1879048192,428,0
3888,428,2147483648,428,359
3888,429,1879048192,429,0
3888,429,2147483648,429,359
3888,430,1879048192,430,0
3888,430,2147483648,430,359
3888,431,1879048192,431,0
3888,431,2147483648,431,359
3888,432,1879048192,432,0
3888,432,2147483648,432,359
3888,433,1879048192,433,0
3888,433,2147483648,433,359
3888,434,1879048192,434,0
3888,434,2147483648,434,359
3888,435,1879048192,435,0
3888,435,2147483648,435,359
3888,436,1879048192,436,0
3888,436,2147483648,436,359
3888,437,1879048192,437,0
3888,437,2147483648,437,359
3888,438,1879048192,438,0
3888,438,2147483648,438,359
3888,439,1879048192,439,0
3888,439,2147483648,439,359
3888,440,1879048192,440,0
3888,440,2147483648,440,359
3888,441,1879048192,441,0
3888,441,2147483648,441,359
3888,442,1879048192,442,0
3888,442,2147483648,442,359
3888,443,1879048192,443,0
3888,443,2147483648,443,359
3888,444,1879048192,444,0
3888,444,2147483648,444,359
3888,445,1879048192,445,0
3888,445,2147483648,445,359
3888,446,1879048192,446,0
3888,446,2147483648,446,359
3888,447,1879048192,447,0
3888,447,2147483648,447,359
3888,448,1879048192,448,0
3888,448,2147483648,448,359
3888,449,1879048192,449,0
3888,449,2147483648,449,359
3888,450,1879048192,450,0
3888,450,2147483648,450,359
3888,451,1879048192,451,0
3888,451,2147483648,451,359
3888,452,1879048192,452,0
3888,452,2147483648,452,359
3888,453,1879048192,453,0
3888,453,2147483648,453,359
3888,454,1879048192,454,0
3888,454,2147483648,454,359
3888,455,1879048192,455,0
3888,455,2147483648,455,359
3888,456,1879048192,456,0
3888,456,2147483648,456,359
3888,457,1879048192,457,0
3888,457,2147483648,457,359
3888,458,1879048192,458,0
3888,458,2147483648,458,359
3888,459,1879048192,459,0
3888,459,2147483648,459,359
3888,460,1879048192,460,0
3888,460,2147483648,460,359
3888,461,1879048192,461,0
3888,461,2147483648,461,359
3888,462,1879048192,462,0
3888,462,2147483648,462,359
3888,463,1879048192,463,0
3888,463,2147483648,463,359
3888,464,1879048192,464,0
3888,464,2147483648,464,359
3888,465,1879048192,465,0
3888,465,2147483648,465,359
3888,466,1879048192,466,0
3888,466,2147483648,466,359
3888,467,1879048192,467,0
3888,467,2147483648,467,359
3888,468,1879048192,468,0
3888,468,2147483648,468,359
3888,469,1879048192,469,0
3888,469,2147483648,469,359
3888,470,1879048192,470,0
3888,470,2147483648,470,359
3888,471,1879048192,471,0
3888,471,2147483648,471,359
3888,472,1879048192,472,0
3888,472,2147483648,472,359
3888,473,1879048192,473,0
3888,473,2147483648,473,359
3888,474,1879048192,474,0
3888,474,2147483648,474,359
3888,475,1879048192,475,0
3888,475,2147483648,475,359
3888,476,1879048192,476,0
3888,476,2147483648,476,359
3888,477,1879048192,477,0
3888,477,2147483648,477,359
3888,478,1879048192,478,0
3888,478,2147483648,478,359
3888,479,1879048192,479,0
3888,479,2147483648,479,359
3889,203,268435456,203,0
3889,216,268435457,216,0
3889,215,536870912,215,0
3889,202,536870913,202,0
3889,203,268435456,203,1
3889,216,268435457,216,1
3889,215,536870912,215,1
3889,202,536870913,202,1
3889,203,268435456,203,2
3889,216,268435457,216,2
3889,215,536870912,215,2
3889,202,536870913,202,2
3889,203,268435456,203,3
3889,216,268435457,216,3
3889,215,536870912,215,3
3889,202,536870913,202,3
3889,203,268435456,203,4
3889,216,268435457,216,4
3889,215,536870912,215,4
3889,202,536870913,202,4
3889,203,268435456,203,5
3889,217,268435457,217,5
3889,216,536870912,216,5
3889,202,536870913,202,5
3889,203,268435456,203,6
3889,217,268435457,217,6
3889,216,536870912,216,6
3889,202,536870913,202,6
3889,203,268435456,203,7
3889,217,268435457,217,7
3889,216,536870912,216,7
3889,202,536870913,202,7
3889,203,268435456,203,8
3889,217,268435457,217,8
3889,216,536870912,216,8
3889,202,536870913,202,8
3889,203,268435456,203,9
3889,217,268435457,217,9
3889,226,268435458,226,9
3889,233,268435459,233,9
3889,232,536870912,232,9
3889,225,536870913,225,9
3889,216,536870914,216,9
3889,202,536870915,202,9
3889,203,268435456,203,10
3889,218,268435457,218,10
3889,224,268435458,224,10
3889,234,268435459,234,10
3889,233,536870912,233,10
3889,223,536870913,223,10
3889,217,536870914,217,10
3889,202,536870915,202,10
3889,203,268435456,203,11
3889,217,268435457,217,11
3889,221,268435458,221,11
3889,233,268435459,233,11
3889,232,536870912,232,11
3889,220,536870913,220,11
3889,216,536870914,216,11
3889,202,536870915,202,11
3889,203,268435456,203,12
3889,233,268435457,233,12
3889,232,536870912,232,12
3889,202,536870913,202,12
3889,203,268435456,203,13
3889,232,268435457,232,13
3889,231,536870912,231,13
3889,202,536870913,202,13
3889,202,268435456,202,14
3889,232,268435457,232,14
3889,231,536870912,231,14
3889,201,536870913,201,14
3889,202,268435456,202,15
3889,231,268435457,231,15
3889,230,536870912,230,15
3889,201,536870913,201,15
3889,202,268435456,202,16
3889,231,268435457,231,16
3889,230,536870912,230,16
3889,201,536870913,201,16
3889,202,268435456,202,17
3889,230,268435457,230,17
3889,229,536870912,229,17
3889,201,536870913,201,17
3889,202,268435456,202,18
3889,230,268435457,230,18
3889,229,536870912,229,18
3889,201,536870913,201,18
3889,202,268435456,202,19
3889,229,268435457,229,19
3889,228,536870912,228,19
3889,201,536870913,201,19
3889,201,268435456,201,20
3889,229,268435457,229,20
3889,228,536870912,228,20
3889,200,536870913,200,20
3889,201,268435456,201,21
3889,229,268435457,229,21
3889,228,536870912,228,21
3889,200,536870913,200,21
3889,201,268435456,201,22
3889,228,268435457,228,22
3889,227,536870912,227,22
3889,200,536870913,200,22
3889,200,268435456,200,23
3889,228,268435457,228,23
3889,227,536870912,227,23
3889,199,536870913,199,23
3889,200,268435456,200,24
3889,228,268435457,228,24
3889,227,536870912,227,24
3889,199,536870913,199,24
3889,200,268435456,200,25
3889,228,268435457,228,25
3889,227,536870912,227,25
3889,199,536870913,199,25
3889,199,268435456,199,26
3889,228,268435457,228,26
3889,227,536870912,227,26
3889,198,536870913,198,26
3889,199,268435456,199,27
3889,228,268435457,228,27
3889,227,536870912,227,27
3889,198,536870913,198,27
3889,199,268435456,199,28
3889,227,268435457,227,28
3889,226,536870912,226,28
3889,198,536870913,198,28
3889,199,268435456,199,29
3889,227,268435457,227,29
3889,226,536870912,226,29
3889,198,536870913,198,29
3889,199,268435456,199,30
3889,227,268435457,227,30
3889,226,536870912,226,30
3889,198,536870913,198,30
3889,199,268435456,199,31
3889,227,268435457,227,31
3889,226,536870912,226,31
3889,198,536870913,198,31
3889,199,268435456,199,32
3889,226,268435457,226,32
3889,225,536870912,225,32
3889,198,536870913,198,32
3889,199,268435456,199,33
3889,226,268435457,226,33
3889,225,536870912,225,33
3889,198,536870913,198,33
3889,199,268435456,199,34
3889,225,268435457,225,34
3889,224,536870912,224,34
3889,198,536870913,198,34
3889,199,268435456,199,35
3889,224,268435457,224,35
3889,223,536870912,223,35
3889,198,536870913,198,35
3889,199,268435456,199,36
3889,223,268435457,223,36
3889,222,536870912,222,36
3889,198,536870913,198,36
3889,199,268435456,199,37
3889,222,268435457,222,37
3889,221,536870912,221,37
3889,198,536870913,198,37
3889,199,268435456,199,38
3889,222,268435457,222,38
3889,221,536870912,221,38
3889,198,536870913,198,38
3889,200,268435456,200,39
3889,222,268435457,222,39
3889,221,536870912,221,39
3889,199,536870913,199,39
3889,200,268435456,200,40
3889,222,268435457,222,40
3889,221,536870912,221,40
3889,199,536870913,199,40
3889,200,268435456,200,41
3889,222,268435457,222,41
3889,221,536870912,221,41
3889,199,536870913,199,41
3889,201,268435456,201,42
3889,222,268435457,222,42
3889,221,536870912,221,42
3889,200,536870913,200,42
3889,201,268435456,201,43
3889,222,268435457,222,43
3889,221,536870912,221,43
3889,200,536870913,200,43
3889,201,268435456,201,44
3889,222,268435457,222,44
3889,221,536870912,221,44
3889,200,536870913,200,44
3889,202,268435456,202,45
3889,222,268435457,222,45
3889,221,536870912,221,45
3889,201,536870913,201,45
3889,202,268435456,202,46
3889,223,268435457,223,46
3889,222,536870912,222,46
3889,201,536870913,201,46
3889,202,268435456,202,47
3889,223,268435457,223,47
3889,222,536870912,222,47
3889,201,536870913,201,47
3889,202,268435456,202,48
3889,223,268435457,223,48
3889,222,536870912,222,48
3889,201,536870913,201,48
3889,202,268435456,202,49
3889,223,268435457,223,49
3889,222,536870912,222,49
3889,201,536870913,201,49
3889,202,268435456,202,50
3889,223,268435457,223,50
3889,222,536870912,222,50
3889,201,536870913,201,50
3889,202,268435456,202,51
3889,223,268435457,223,51
3889,222,536870912,222,51
3889,201,536870913,201,51
3889,201,268435456,201,52
3889,223,268435457,223,52
3889,222,536870912,222,52
3889,200,536870913,200,52
3889,201,268435456,201,53
3889,223,268435457,223,53
3889,222,536870912,222,53
3889,200,536870913,200,53
3889,201,268435456,201,54
3889,223,268435457,223,54
3889,222,536870912,222,54
3889,200,536870913,200,54
3889,201,268435456,201,55
3889,223,268435457,223,55
3889,222,536870912,222,55
3889,200,536870913,200,55
3889,200,268435456,200,56
3889,223,268435457,223,56
3889,222,536870912,222,56
3889,199,536870913,199,56
3889,200,268435456,200,57
3889,223,268435457,223,57
3889,222,536870912,222,57
3889,199,536870913,199,57
3889,200,268435456,200,58
3889,223,268435457,223,58
3889,222,536870912,222,58
3889,199,536870913,199,58
3889,200,268435456,200,59
3889,223,268435457,223,59
3889,222,536870912,222,59
3889,199,536870913,199,59
3889,163,268435456,163,60
3889,169,268435457,169,60
3889,200,268435458,200,60
3889,223,268435459,223,60
3889,222,536870912,222,60
3889,199,536870913,199,60
3889,168,536870914,168,60
3889,162,536870915,162,60
3889,161,268435456,161,61
3889,172,268435457,172,61
3889,199,268435458,199,61
3889,223,268435459,223,61
3889,235,268435460,235,61
3889,249,268435461,249,61
3889,248,536870912,248,61
3889,234,536870913,234,61
3889,222,536870914,222,61
3889,198,536870915,198,61
3889,171,536870916,171,61
3889,160,536870917,160,61
3889,160,268435456,160,62
3889,173,268435457,173,62
3889,199,268435458,199,62
3889,223,268435459,223,62
3889,231,268435460,231,62
3889,252,268435461,252,62
3889,251,536870912,251,62
3889,230,536870913,230,62
3889,222,536870914,222,62
3889,198,536870915,198,62
3889,172,536870916,172,62
3889,159,536870917,159,62
3889,159,268435456,159,63
3889,174,268435457,174,63
3889,199,268435458,199,63
3889,223,268435459,223,63
3889,229,268435460,229,63
3889,254,268435461,254,63
3889,253,536870912,253,63
3889,228,536870913,228,63
3889,222,536870914,222,63
3889,198,536870915,198,63
3889,173,536870916,173,63
3889,158,536870917,158,63
3889,158,268435456,158,64
3889,175,268435457,175,64
3889,198,268435458,198,64
3889,223,268435459,223,64
3889,228,268435460,228,64
3889,255,268435461,255,64
3889,254,536870912,254,64
3889,227,536870913,227,64
3889,222,536870914,222,64
3889,197,536870915,197,64
3889,174,536870916,174,64
3889,157,536870917,157,64
3889,158,268435456,158,65
3889,176,268435457,176,65
3889,198,268435458,198,65
3889,223,268435459,223,65
3889,227,268435460,227,65
3889,257,268435461,257,65
3889,256,536870912,256,65
3889,226,536870913,226,65
3889,222,536870914,222,65
3889,197,536870915,197,65
3889,175,536870916,175,65
3889,157,536870917,157,65
3889,157,268435456,157,66
3889,160,268435457,160,66
3889,161,268435458,161,66
3889,177,268435459,177,66
3889,198,268435460,198,66
3889,223,268435461,223,66
3889,226,268435462,226,66
3889,258,268435463,258,66
3889,257,536870912,257,66
3889,225,536870913,225,66
3889,222,536870914,222,66
3889,197,536870915,197,66
3889,176,536870916,176,66
3889,160,536870917,160,66
3889,159,536870918,159,66
3889,156,536870919,156,66
3889,162,268435456,162,67
3889,177,268435457,177,67
3889,198,268435458,198,67
3889,223,268435459,223,67
3889,225,268435460,225,67
3889,259,268435461,259,67
3889,258,536870912,258,67
3889,224,536870913,224,67
3889,222,536870914,222,67
3889,197,536870915,197,67
3889,176,536870916,176,67
3889,161,536870917,161,67
3889,162,268435456,162,68
3889,178,268435457,178,68
3889,197,268435458,197,68
3889,223,268435459,223,68
3889,224,268435460,224,68
3889,260,268435461,260,68
3889,259,536870912,259,68
3889,223,536870913,223,68
3889,222,536870914,222,68
3889,196,536870915,196,68
3889,177,536870916,177,68
3889,161,536870917,161,68
3889,163,268435456,163,69
3889,178,268435457,178,69
3889,197,268435458,197,69
3889,223,268435459,223,69
3889,224,268435460,224,69
3889,261,268435461,261,69
3889,260,536870912,260,69
3889,223,536870913,223,69
3889,222,536870914,222,69
3889,196,536870915,196,69
3889,177,536870916,177,69
3889,162,536870917,162,69
3889,163,268435456,163,70
3889,178,268435457,178,70
3889,197,268435458,197,70
3889,262,268435459,262,70
3889,261,536870912,261,70
3889,196,536870913,196,70
3889,177,536870914,177,70
3889,162,536870915,162,70
3889,164,268435456,164,71
3889,178,268435457,178,71
3889,196,268435458,196,71
3889,262,268435459,262,71
3889,261,536870912,261,71
3889,195,536870913,195,71
3889,177,536870914,177,71
3889,163,536870915,163,71
3889,164,268435456,164,72
3889,178,268435457,178,72
3889,196,268435458,196,72
3889,263,268435459,263,72
3889,262,536870912,262,72
3889,195,536870913,195,72
3889,177,536870914,177,72
3889,163,536870915,163,72
3889,164,268435456,164,73
3889,179,268435457,179,73
3889,196,268435458,196,73
3889,264,268435459,264,73
3889,263,536870912,263,73
3889,195,536870913,195,73
3889,178,536870914,178,73
3889,163,536870915,163,73
3889,165,268435456,165,74
3889,178,268435457,178,74
3889,195,268435458,195,74
3889,265,268435459,265,74
3889,264,536870912,264,74
3889,194,536870913,194,74
3889,177,536870914,177,74
3889,164,536870915,164,74
3889,165,268435456,165,75
3889,179,268435457,179,75
3889,195,268435458,195,75
3889,266,268435459,266,75
3889,265,536870912,265,75
3889,194,536870913,194,75
3889,178,536870914,178,75
3889,164,536870915,164,75
3889,165,268435456,165,76
3889,179,268435457,179,76
3889,195,268435458,195,76
3889,266,268435459,266,76
3889,265,536870912,265,76
3889,194,536870913,194,76
3889,178,536870914,178,76
3889,164,536870915,164,76
3889,166,268435456,166,77
3889,182,268435457,182,77
3889,195,268435458,195,77
3889,267,268435459,267,77
3889,266,536870912,266,77
3889,194,536870913,194,77
3889,181,536870914,181,77
3889,165,536870915,165,77
3889,166,268435456,166,78
3889,184,268435457,184,78
3889,195,268435458,195,78
3889,267,268435459,267,78
3889,266,536870912,266,78
3889,194,536870913,194,78
3889,183,536870914,183,78
3889,165,536870915,165,78
3889,166,268435456,166,79
3889,186,268435457,186,79
3889,194,268435458,194,79
3889,268,268435459,268,79
3889,267,536870912,267,79
3889,193,536870913,193,79
3889,185,536870914,185,79
3889,165,536870915,165,79
3889,165,268435456,165,80
3889,187,268435457,187,80
3889,194,268435458,194,80
3889,269,268435459,269,80
3889,268,536870912,268,80
3889,193,536870913,193,80
3889,186,536870914,186,80
3889,164,536870915,164,80
3889,165,268435456,165,81
3889,188,268435457,188,81
3889,194,268435458,194,81
3889,269,268435459,269,81
3889,268,536870912,268,81
3889,193,536870913,193,81
3889,187,536870914,187,81
3889,164,536870915,164,81
3889,164,268435456,164,82
3889,189,268435457,189,82
3889,194,268435458,194,82
3889,270,268435459,270,82
3889,269,536870912,269,82
3889,193,536870913,193,82
3889,188,536870914,188,82
3889,163,536870915,163,82
3889,164,268435456,164,83
3889,190,268435457,190,83
3889,194,268435458,194,83
3889,271,268435459,271,83
3889,270,536870912,270,83
3889,193,536870913,193,83
3889,189,536870914,189,83
3889,163,536870915,163,83
3889,165,268435456,165,84
3889,183,268435457,183,84
3889,184,268435458,184,84
3889,190,268435459,190,84
3889,194,268435460,194,84
3889,271,268435461,271,84
3889,270,536870912,270,84
3889,193,536870913,193,84
3889,189,536870914,189,84
3889,183,536870915,183,84
3889,182,536870916,182,84
3889,164,536870917,164,84
3889,166,268435456,166,85
3889,191,268435457,191,85
3889,193,268435458,193,85
3889,272,268435459,272,85
3889,271,536870912,271,85
3889,192,536870913,192,85
3889,190,536870914,190,85
3889,165,536870915,165,85
3889,168,268435456,168,86
3889,192,268435457,192,86
3889,193,268435458,193,86
3889,272,268435459,272,86
3889,271,536870912,271,86
3889,192,536870913,192,86
3889,191,536870914,191,86
3889,167,536870915,167,86
3889,169,268435456,169,87
3889,272,268435457,272,87
3889,271,536870912,271,87
3889,168,536870913,168,87
3889,169,268435456,169,88
3889,273,268435457,273,88
3889,272,536870912,272,88
3889,168,536870913,168,88
3889,169,268435456,169,89
3889,274,268435457,274,89
3889,273,536870912,273,89
3889,168,536870913,168,89
3889,170,268435456,170,90
3889,274,268435457,274,90
3889,273,536870912,273,90
3889,169,536870913,169,90
3889,170,268435456,170,91
3889,275,268435457,275,91
3889,274,536870912,274,91
3889,169,536870913,169,91
3889,170,268435456,170,92
3889,275,268435457,275,92
3889,274,536870912,274,92
3889,169,536870913,169,92
3889,170,268435456,170,93
3889,276,268435457,276,93
3889,275,536870912,275,93
3889,169,536870913,169,93
3889,170,268435456,170,94
3889,276,268435457,276,94
3889,275,536870912,275,94
3889,169,536870913,169,94
3889,169,268435456,169,95
3889,276,268435457,276,95
3889,275,536870912,275,95
3889,168,536870913,168,95
3889,169,268435456,169,96
3889,276,268435457,276,96
3889,275,536870912,275,96
3889,168,536870913,168,96
3889,169,268435456,169,97
3889,277,268435457,277,97
3889,276,536870912,276,97
3889,168,536870913,168,97
3889,169,268435456,169,98
3889,277,268435457,277,98
3889,276,536870912,276,98
3889,168,536870913,168,98
3889,169,268435456,169,99
3889,277,268435457,277,99
3889,276,536870912,276,99
3889,168,536870913,168,99
3889,169,268435456,169,100
3889,278,268435457,278,100
3889,277,536870912,277,100
3889,168,536870913,168,100
3889,169,268435456,169,101
3889,278,268435457,278,101
3889,277,536870912,277,101
3889,168,536870913,168,101
3889,170,268435456,170,102
3889,278,268435457,278,102
3889,277,536870912,277,102
3889,169,536870913,169,102
3889,170,268435456,170,103
3889,279,268435457,279,103
3889,278,536870912,278,103
3889,169,536870913,169,103
3889,169,268435456,169,104
3889,279,268435457,279,104
3889,278,536870912,278,104
3889,168,536870913,168,104
3889,168,268435456,168,105
3889,279,268435457,279,105
3889,278,536870912,278,105
3889,167,536870913,167,105
3889,167,268435456,167,106
3889,279,268435457,279,106
3889,278,536870912,278,106
3889,166,536870913,166,106
3889,166,268435456,166,107
3889,278,268435457,278,107
3889,277,536870912,277,107
3889,165,536870913,165,107
3889,165,268435456,165,108
3889,279,268435457,279,108
3889,278,536870912,278,108
3889,164,536870913,164,108
3889,164,268435456,164,109
3889,279,268435457,279,109
3889,278,536870912,278,109
3889,163,536870913,163,109
3889,163,268435456,163,110
3889,280,268435457,280,110
3889,279,536870912,279,110
3889,162,536870913,162,110
3889,163,268435456,163,111
3889,280,268435457,280,111
3889,279,536870912,279,111
3889,162,536870913,162,111
3889,162,268435456,162,112
3889,279,268435457,279,112
3889,278,536870912,278,112
3889,161,536870913,161,112
3889,161,268435456,161,113
3889,279,268435457,279,113
3889,278,536870912,278,113
3889,160,536870913,160,113
3889,161,268435456,161,114
3889,280,268435457,280,114
3889,279,536870912,279,114
3889,160,536870913,160,114
3889,160,268435456,160,115
3889,280,268435457,280,115
3889,279,536870912,279,115
3889,159,536870913,159,115
3889,159,268435456,159,116
3889,268,268435457,268,116
3889,270,268435458,270,116
3889,280,268435459,280,116
3889,279,536870912,279,116
3889,269,536870913,269,116
3889,267,536870914,267,116
3889,158,536870915,158,116
3889,159,268435456,159,117
3889,269,268435457,269,117
3889,271,268435458,271,117
3889,280,268435459,280,117
3889,279,536870912,279,117
3889,270,536870913,270,117
3889,268,536870914,268,117
3889,158,536870915,158,117
3889,159,268435456,159,118
3889,270,268435457,270,118
3889,272,268435458,272,118
3889,280,268435459,280,118
3889,279,536870912,279,118
3889,271,536870913,271,118
3889,269,536870914,269,118
3889,158,536870915,158,118
3889,159,268435456,159,119
3889,271,268435457,271,119
3889,274,268435458,274,119
3889,280,268435459,280,119
3889,279,536870912,279,119
3889,273,536870913,273,119
3889,270,536870914,270,119
3889,158,536870915,158,119
3889,158,268435456,158,120
3889,272,268435457,272,120
3889,276,268435458,276,120
3889,279,268435459,279,120
3889,278,536870912,278,120
3889,275,536870913,275,120
3889,271,536870914,271,120
3889,157,536870915,157,120
3889,158,268435456,158,121
3889,272,268435457,272,121
3889,271,536870912,271,121
3889,157,536870913,157,121
3889,158,268435456,158,122
3889,272,268435457,272,122
3889,271,536870912,271,122
3889,157,536870913,157,122
3889,158,268435456,158,123
3889,272,268435457,272,123
3889,271,536870912,271,123
3889,157,536870913,157,123
3889,158,268435456,158,124
3889,272,268435457,272,124
3889,271,536870912,271,124
3889,157,536870913,157,124
3889,158,268435456,158,125
3889,273,268435457,273,125
3889,272,536870912,272,125
3889,157,536870913,157,125
3889,158,268435456,158,126
3889,273,268435457,273,126
3889,272,536870912,272,126
3889,157,536870913,157,126
3889,158,268435456,158,127
3889,274,268435457,274,127
3889,273,536870912,273,127
3889,157,536870913,157,127
3889,157,268435456,157,128
3889,274,268435457,274,128
3889,273,536870912,273,128
3889,156,536870913,156,128
3889,157,268435456,157,129
3889,274,268435457,274,129
3889,273,536870912,273,129
3889,156,536870913,156,129
3889,156,268435456,156,130
3889,275,268435457,275,130
3889,274,536870912,274,130
3889,155,536870913,155,130
3889,156,268435456,156,131
3889,275,268435457,275,131
3889,274,536870912,274,131
3889,155,536870913,155,131
3889,156,268435456,156,132
3889,276,268435457,276,132
3889,275,536870912,275,132
3889,155,536870913,155,132
3889,155,268435456,155,133
3889,276,268435457,276,133
3889,275,536870912,275,133
3889,154,536870913,154,133
3889,155,268435456,155,134
3889,276,268435457,276,134
3889,275,536870912,275,134
3889,154,536870913,154,134
3889,154,268435456,154,135
3889,277,268435457,277,135
3889,276,536870912,276,135
3889,153,536870913,153,135
3889,154,268435456,154,136
3889,277,268435457,277,136
3889,276,536870912,276,136
3889,153,536870913,153,136
3889,154,268435456,154,137
3889,278,268435457,278,137
3889,277,536870912,277,137
3889,153,536870913,153,137
3889,153,268435456,153,138
3889,278,268435457,278,138
3889,277,536870912,277,138
3889,152,536870913,152,138
3889,153,268435456,153,139
3889,154,268435457,154,139
3889,155,268435458,155,139
3889,279,268435459,279,139
3889,278,536870912,278,139
3889,154,536870913,154,139
3889,153,536870914,153,139
3889,152,536870915,152,139
3889,155,268435456,155,140
3889,279,268435457,279,140
3889,278,536870912,278,140
3889,154,536870913,154,140
3889,155,268435456,155,141
3889,157,268435457,157,141
3889,158,268435458,158,141
3889,279,268435459,279,141
3889,278,536870912,278,141
3889,157,536870913,157,141
3889,156,536870914,156,141
3889,154,536870915,154,141
3889,155,268435456,155,142
3889,157,268435457,157,142
3889,158,268435458,158,142
3889,280,268435459,280,142
3889,279,536870912,279,142
3889,157,536870913,157,142
3889,156,536870914,156,142
3889,154,536870915,154,142
3889,155,268435456,155,143
3889,157,268435457,157,143
3889,158,268435458,158,143
3889,280,268435459,280,143
3889,279,536870912,279,143
3889,157,536870913,157,143
3889,156,536870914,156,143
3889,154,536870915,154,143
3889,155,268435456,155,144
3889,156,268435457,156,144
3889,158,268435458,158,144
3889,281,268435459,281,144
3889,280,536870912,280,144
3889,157,536870913,157,144
3889,155,536870914,155,144
3889,154,536870915,154,144
3889,155,268435456,155,145
3889,156,268435457,156,145
3889,159,268435458,159,145
3889,281,268435459,281,145
3889,280,536870912,280,145
3889,158,536870913,158,145
3889,155,536870914,155,145
3889,154,536870915,154,145
3889,155,268435456,155,146
3889,156,268435457,156,146
3889,159,268435458,159,146
3889,281,268435459,281,146
3889,280,536870912,280,146
3889,158,536870913,158,146
3889,155,536870914,155,146
3889,154,536870915,154,146
3889,159,268435456,159,147
3889,282,268435457,282,147
3889,281,536870912,281,147
3889,158,536870913,158,147
3889,159,268435456,159,148
3889,282,268435457,282,148
3889,281,536870912,281,148
3889,158,536870913,158,148
3889,160,268435456,160,149
3889,282,268435457,282,149
3889,281,536870912,281,149
3889,159,536870913,159,149
3889,161,268435456,161,150
3889,283,268435457,283,150
3889,282,536870912,282,150
3889,160,536870913,160,150
3889,161,268435456,161,151
3889,283,268435457,283,151
3889,282,536870912,282,151
3889,160,536870913,160,151
3889,162,268435456,162,152
3889,284,268435457,284,152
3889,283,536870912,283,152
3889,161,536870913,161,152
3889,163,268435456,163,153
3889,284,268435457,284,153
3889,283,536870912,283,153
3889,162,536870913,162,153
3889,164,268435456,164,154
3889,285,268435457,285,154
3889,284,536870912,284,154
3889,163,536870913,163,154
3889,165,268435456,165,155
3889,285,268435457,285,155
3889,284,536870912,284,155
3889,164,536870913,164,155
3889,166,268435456,166,156
3889,285,268435457,285,156
3889,284,536870912,284,156
3889,165,536870913,165,156
3889,167,268435456,167,157
3889,286,268435457,286,157
3889,285,536870912,285,157
3889,166,536870913,166,157
3889,167,268435456,167,158
3889,172,268435457,172,158
3889,173,268435458,173,158
3889,286,268435459,286,158
3889,285,536870912,285,158
3889,172,536870913,172,158
3889,171,536870914,171,158
3889,166,536870915,166,158
3889,168,268435456,168,159
3889,169,268435457,169,159
3889,170,268435458,170,159
3889,172,268435459,172,159
3889,175,268435460,175,159
3889,178,268435461,178,159
3889,179,268435462,179,159
3889,286,268435463,286,159
3889,285,536870912,285,159
3889,178,536870913,178,159
3889,177,536870914,177,159
3889,174,536870915,174,159
3889,171,536870916,171,159
3889,169,536870917,169,159
3889,168,536870918,168,159
3889,167,536870919,167,159
3889,177,268435456,177,160
3889,179,268435457,179,160
3889,180,268435458,180,160
3889,287,268435459,287,160
3889,286,536870912,286,160
3889,179,536870913,179,160
3889,178,536870914,178,160
3889,176,536870915,176,160
3889,180,268435456,180,161
3889,287,268435457,287,161
3889,286,536870912,286,161
3889,179,536870913,179,161
3889,181,268435456,181,162
3889,288,268435457,288,162
3889,287,536870912,287,162
3889,180,536870913,180,162
3889,180,268435456,180,163
3889,288,268435457,288,163
3889,287,536870912,287,163
3889,179,536870913,179,163
3889,180,268435456,180,164
3889,288,268435457,288,164
3889,287,536870912,287,164
3889,179,536870913,179,164
3889,179,268435456,179,165
3889,289,268435457,289,165
3889,288,536870912,288,165
3889,178,536870913,178,165
3889,179,268435456,179,166
3889,289,268435457,289,166
3889,288,536870912,288,166
3889,178,536870913,178,166
3889,178,268435456,178,167
3889,289,268435457,289,167
3889,288,536870912,288,167
3889,177,536870913,177,167
3889,177,268435456,177,168
3889,290,268435457,290,168
3889,289,536870912,289,168
3889,176,536870913,176,168
3889,176,268435456,176,169
3889,290,268435457,290,169
3889,289,536870912,289,169
3889,175,536870913,175,169
3889,175,268435456,175,170
3889,290,268435457,290,170
3889,289,536870912,289,170
3889,174,536870913,174,170
3889,175,268435456,175,171
3889,291,268435457,291,171
3889,290,536870912,290,171
3889,174,536870913,174,171
3889,175,268435456,175,172
3889,291,268435457,291,172
3889,290,536870912,290,172
3889,174,536870913,174,172
3889,176,268435456,176,173
3889,291,268435457,291,173
3889,290,536870912,290,173
3889,175,536870913,175,173
3889,179,268435456,179,174
3889,292,268435457,292,174
3889,291,536870912,291,174
3889,178,536870913,178,174
3889,182,268435456,182,175
3889,292,268435457,292,175
3889,291,536870912,291,175
3889,181,536870913,181,175
3889,182,268435456,182,176
3889,293,268435457,293,176
3889,292,536870912,292,176
3889,181,536870913,181,176
3889,183,268435456,183,177
3889,293,268435457,293,177
3889,292,536870912,292,177
3889,182,536870913,182,177
3889,183,268435456,183,178
3889,293,268435457,293,178
3889,292,536870912,292,178
3889,182,536870913,182,178
3889,184,268435456,184,179
3889,293,268435457,293,179
3889,292,536870912,292,179
3889,183,536870913,183,179
3889,184,268435456,184,180
3889,294,268435457,294,180
3889,293,536870912,293,180
3889,183,536870913,183,180
3889,186,268435456,186,181
3889,294,268435457,294,181
3889,293,536870912,293,181
3889,185,536870913,185,181
3889,188,268435456,188,182
3889,295,268435457,295,182
3889,294,536870912,294,182
3889,187,536870913,187,182
3889,189,268435456,189,183
3889,295,268435457,295,183
3889,294,536870912,294,183
3889,188,536870913,188,183
3889,189,268435456,189,184
3889,295,268435457,295,184
3889,294,536870912,294,184
3889,188,536870913,188,184
3889,190,268435456,190,185
3889,296,268435457,296,185
3889,295,536870912,295,185
3889,189,536870913,189,185
3889,191,268435456,191,186
3889,296,268435457,296,186
3889,295,536870912,295,186
3889,190,536870913,190,186
3889,192,268435456,192,187
3889,296,268435457,296,187
3889,295,536870912,295,187
3889,191,536870913,191,187
3889,192,268435456,192,188
3889,296,268435457,296,188
3889,295,536870912,295,188
3889,191,536870913,191,188
3889,193,268435456,193,189
3889,297,268435457,297,189
3889,296,536870912,296,189
3889,192,536870913,192,189
3889,193,268435456,193,190
3889,297,268435457,297,190
3889,296,536870912,296,190
3889,192,536870913,192,190
3889,194,268435456,194,191
3889,297,268435457,297,191
3889,296,536870912,296,191
3889,193,536870913,193,191
3889,166,268435456,166,192
3889,170,268435457,170,192
3889,194,268435458,194,192
3889,298,268435459,298,192
3889,297,536870912,297,192
3889,193,536870913,193,192
3889,169,536870914,169,192
3889,165,536870915,165,192
3889,165,268435456,165,193
3889,172,268435457,172,193
3889,194,268435458,194,193
3889,298,268435459,298,193
3889,297,536870912,297,193
3889,193,536870913,193,193
3889,171,536870914,171,193
3889,164,536870915,164,193
3889,164,268435456,164,194
3889,173,268435457,173,194
3889,194,268435458,194,194
3889,298,268435459,298,194
3889,297,536870912,297,194
3889,193,536870913,193,194
3889,172,536870914,172,194
3889,163,536870915,163,194
3889,164,268435456,164,195
3889,175,268435457,175,195
3889,195,268435458,195,195
3889,298,268435459,298,195
3889,297,536870912,297,195
3889,194,536870913,194,195
3889,174,536870914,174,195
3889,163,536870915,163,195
3889,163,268435456,163,196
3889,176,268435457,176,196
3889,195,268435458,195,196
3889,299,268435459,299,196
3889,298,536870912,298,196
3889,194,536870913,194,196
3889,175,536870914,175,196
3889,162,536870915,162,196
3889,162,268435456,162,197
3889,177,268435457,177,197
3889,196,268435458,196,197
3889,299,268435459,299,197
3889,298,536870912,298,197
3889,195,536870913,195,197
3889,176,536870914,176,197
3889,161,536870915,161,197
3889,161,268435456,161,198
3889,177,268435457,177,198
3889,196,268435458,196,198
3889,299,268435459,299,198
3889,298,536870912,298,198
3889,195,536870913,195,198
3889,176,536870914,176,198
3889,160,536870915,160,198
3889,138,268435456,138,199
3889,146,268435457,146,199
3889,160,268435458,160,199
3889,177,268435459,177,199
3889,197,268435460,197,199
3889,300,268435461,300,199
3889,299,536870912,299,199
3889,196,536870913,196,199
3889,176,536870914,176,199
3889,159,536870915,159,199
3889,145,536870916,145,199
3889,137,536870917,137,199
3889,132,268435456,132,200
3889,153,268435457,153,200
3889,159,268435458,159,200
3889,177,268435459,177,200
3889,197,268435460,197,200
3889,300,268435461,300,200
3889,299,536870912,299,200
3889,196,536870913,196,200
3889,176,536870914,176,200
3889,158,536870915,158,200
3889,152,536870916,152,200
3889,131,536870917,131,200
3889,130,268435456,130,201
3889,176,268435457,176,201
3889,197,268435458,197,201
3889,300,268435459,300,201
3889,299,536870912,299,201
3889,196,536870913,196,201
3889,175,536870914,175,201
3889,129,536870915,129,201
3889,127,268435456,127,202
3889,176,268435457,176,202
3889,198,268435458,198,202
3889,301,268435459,301,202
3889,300,536870912,300,202
3889,197,536870913,197,202
3889,175,536870914,175,202
3889,126,536870915,126,202
3889,125,268435456,125,203
3889,175,268435457,175,203
3889,198,268435458,198,203
3889,301,268435459,301,203
3889,300,536870912,300,203
3889,197,536870913,197,203
3889,174,536870914,174,203
3889,124,536870915,124,203
3889,124,268435456,124,204
3889,175,268435457,175,204
3889,199,268435458,199,204
3889,302,268435459,302,204
3889,301,536870912,301,204
3889,198,536870913,198,204
3889,174,536870914,174,204
3889,123,536870915,123,204
3889,122,268435456,122,205
3889,174,268435457,174,205
3889,199,268435458,199,205
3889,302,268435459,302,205
3889,301,536870912,301,205
3889,198,536870913,198,205
3889,173,536870914,173,205
3889,121,536870915,121,205
3889,120,268435456,120,206
3889,174,268435457,174,206
3889,200,268435458,200,206
3889,303,268435459,303,206
3889,302,536870912,302,206
3889,199,536870913,199,206
3889,173,536870914,173,206
3889,119,536870915,119,206
3889,119,268435456,119,207
3889,173,268435457,173,207
3889,199,268435458,199,207
3889,303,268435459,303,207
3889,302,536870912,302,207
3889,198,536870913,198,207
3889,172,536870914,172,207
3889,118,536870915,118,207
3889,118,268435456,118,208
3889,173,268435457,173,208
3889,198,268435458,198,208
3889,304,268435459,304,208
3889,303,536870912,303,208
3889,197,536870913,197,208
3889,172,536870914,172,208
3889,117,536870915,117,208
3889,117,268435456,117,209
3889,173,268435457,173,209
3889,198,268435458,198,209
3889,305,268435459,305,209
3889,304,536870912,304,209
3889,197,536870913,197,209
3889,172,536870914,172,209
3889,116,536870915,116,209
3889,116,268435456,116,210
3889,172,268435457,172,210
3889,197,268435458,197,210
3889,305,268435459,305,210
3889,304,536870912,304,210
3889,196,536870913,196,210
3889,171,536870914,171,210
3889,115,536870915,115,210
3889,115,268435456,115,211
3889,173,268435457,173,211
3889,197,268435458,197,211
3889,306,268435459,306,211
3889,305,536870912,305,211
3889,196,536870913,196,211
3889,172,536870914,172,211
3889,114,536870915,114,211
3889,114,268435456,114,212
3889,173,268435457,173,212
3889,196,268435458,196,212
3889,306,268435459,306,212
3889,305,536870912,305,212
3889,195,536870913,195,212
3889,172,536870914,172,212
3889,113,536870915,113,212
3889,113,268435456,113,213
3889,174,268435457,174,213
3889,196,268435458,196,213
3889,307,268435459,307,213
3889,306,536870912,306,213
3889,195,536870913,195,213
3889,173,536870914,173,213
3889,112,536870915,112,213
3889,112,268435456,112,214
3889,175,268435457,175,214
3889,196,268435458,196,214
3889,308,268435459,308,214
3889,307,536870912,307,214
3889,195,536870913,195,214
3889,174,536870914,174,214
3889,111,536870915,111,214
3889,112,268435456,112,215
3889,175,268435457,175,215
3889,195,268435458,195,215
3889,308,268435459,308,215
3889,307,536870912,307,215
3889,194,536870913,194,215
3889,174,536870914,174,215
3889,111,536870915,111,215
3889,111,268435456,111,216
3889,176,268435457,176,216
3889,195,268435458,195,216
3889,309,268435459,309,216
3889,308,536870912,308,216
3889,194,536870913,194,216
3889,175,536870914,175,216
3889,110,536870915,110,216
3889,110,268435456,110,217
3889,177,268435457,177,217
3889,194,268435458,194,217
3889,310,268435459,310,217
3889,309,536870912,309,217
3889,193,536870913,193,217
3889,176,536870914,176,217
3889,109,536870915,109,217
3889,110,268435456,110,218
3889,177,268435457,177,218
3889,194,268435458,194,218
3889,310,268435459,310,218
3889,309,536870912,309,218
3889,193,536870913,193,218
3889,176,536870914,176,218
3889,109,536870915,109,218
3889,109,268435456,109,219
3889,178,268435457,178,219
3889,193,268435458,193,219
3889,311,268435459,311,219
3889,310,536870912,310,219
3889,192,536870913,192,219
3889,177,536870914,177,219
3889,108,536870915,108,219
3889,109,268435456,109,220
3889,179,268435457,179,220
3889,192,268435458,192,220
3889,311,268435459,311,220
3889,310,536870912,310,220
3889,191,536870913,191,220
3889,178,536870914,178,220
3889,108,536870915,108,220
3889,108,268435456,108,221
3889,179,268435457,179,221
3889,190,268435458,190,221
3889,312,268435459,312,221
3889,311,536870912,311,221
3889,189,536870913,189,221
3889,178,536870914,178,221
3889,107,536870915,107,221
3889,108,268435456,108,222
3889,180,268435457,180,222
3889,189,268435458,189,222
3889,313,268435459,313,222
3889,312,536870912,312,222
3889,188,536870913,188,222
3889,179,536870914,179,222
3889,107,536870915,107,222
3889,108,268435456,108,223
3889,180,268435457,180,223
3889,188,268435458,188,223
3889,313,268435459,313,223
3889,312,536870912,312,223
3889,187,536870913,187,223
3889,179,536870914,179,223
3889,107,536870915,107,223
3889,108,268435456,108,224
3889,181,268435457,181,224
3889,188,268435458,188,224
3889,314,268435459,314,224
3889,313,536870912,313,224
3889,187,536870913,187,224
3889,180,536870914,180,224
3889,107,536870915,107,224
3889,107,268435456,107,225
3889,181,268435457,181,225
3889,187,268435458,187,225
3889,314,268435459,314,225
3889,313,536870912,313,225
3889,186,536870913,186,225
3889,180,536870914,180,225
3889,106,536870915,106,225
3889,107,268435456,107,226
3889,181,268435457,181,226
3889,187,268435458,187,226
3889,315,268435459,315,226
3889,314,536870912,314,226
3889,186,536870913,186,226
3889,180,536870914,180,226
3889,106,536870915,106,226
3889,107,268435456,107,227
3889,182,268435457,182,227
3889,187,268435458,187,227
3889,315,268435459,315,227
3889,314,536870912,314,227
3889,186,536870913,186,227
3889,181,536870914,181,227
3889,106,536870915,106,227
3889,106,268435456,106,228
3889,182,268435457,182,228
3889,187,268435458,187,228
3889,316,268435459,316,228
3889,315,536870912,315,228
3889,186,536870913,186,228
3889,181,536870914,181,228
3889,105,536870915,105,228
3889,106,268435456,106,229
3889,182,268435457,182,229
3889,187,268435458,187,229
3889,317,268435459,317,229
3889,316,536870912,316,229
3889,186,536870913,186,229
3889,181,536870914,181,229
3889,105,536870915,105,229
3889,106,268435456,106,230
3889,183,268435457,183,230
3889,187,268435458,187,230
3889,317,268435459,317,230
3889,316,536870912,316,230
3889,186,536870913,186,230
3889,182,536870914,182,230
3889,105,536870915,105,230
3889,106,268435456,106,231
3889,183,268435457,183,231
3889,186,268435458,186,231
3889,318,268435459,318,231
3889,317,536870912,317,231
3889,185,536870913,185,231
3889,182,536870914,182,231
3889,105,536870915,105,231
3889,106,268435456,106,232
3889,183,268435457,183,232
3889,186,268435458,186,232
3889,268,268435459,268,232
3889,270,268435460,270,232
3889,319,268435461,319,232
3889,318,536870912,318,232
3889,269,536870913,269,232
3889,267,536870914,267,232
3889,185,536870915,185,232
3889,182,536870916,182,232
3889,105,536870917,105,232
3889,106,268435456,106,233
3889,183,268435457,183,233
3889,186,268435458,186,233
3889,268,268435459,268,233
3889,271,268435460,271,233
3889,319,268435461,319,233
3889,318,536870912,318,233
3889,270,536870913,270,233
3889,267,536870914,267,233
3889,185,536870915,185,233
3889,182,536870916,182,233
3889,105,536870917,105,233
3889,106,268435456,106,234
3889,183,268435457,183,234
3889,185,268435458,185,234
3889,269,268435459,269,234
3889,272,268435460,272,234
3889,320,268435461,320,234
3889,319,536870912,319,234
3889,271,536870913,271,234
3889,268,536870914,268,234
3889,184,536870915,184,234
3889,182,536870916,182,234
3889,105,536870917,105,234
3889,106,268435456,106,235
3889,183,268435457,183,235
3889,185,268435458,185,235
3889,269,268435459,269,235
3889,272,268435460,272,235
3889,320,268435461,320,235
3889,319,536870912,319,235
3889,271,536870913,271,235
3889,268,536870914,268,235
3889,184,536870915,184,235
3889,182,536870916,182,235
3889,105,536870917,105,235
3889,106,268435456,106,236
3889,183,268435457,183,236
3889,185,268435458,185,236
3889,269,268435459,269,236
3889,273,268435460,273,236
3889,321,268435461,321,236
3889,320,536870912,320,236
3889,272,536870913,272,236
3889,268,536870914,268,236
3889,184,536870915,184,236
3889,182,536870916,182,236
3889,105,536870917,105,236
3889,106,268435456,106,237
3889,183,268435457,183,237
3889,185,268435458,185,237
3889,269,268435459,269,237
3889,274,268435460,274,237
3889,321,268435461,321,237
3889,320,536870912,320,237
3889,273,536870913,273,237
3889,268,536870914,268,237
3889,184,536870915,184,237
3889,182,536870916,182,237
3889,105,536870917,105,237
3889,106,268435456,106,238
3889,183,268435457,183,238
3889,185,268435458,185,238
3889,269,268435459,269,238
3889,275,268435460,275,238
3889,322,268435461,322,238
3889,321,536870912,321,238
3889,274,536870913,274,238
3889,268,536870914,268,238
3889,184,536870915,184,238
3889,182,536870916,182,238
3889,105,536870917,105,238
3889,107,268435456,107,239
3889,183,268435457,183,239
3889,185,268435458,185,239
3889,270,268435459,270,239
3889,276,268435460,276,239
3889,313,268435461,313,239
3889,314,268435462,314,239
3889,322,268435463,322,239
3889,321,536870912,321,239
3889,313,536870913,313,239
3889,312,536870914,312,239
3889,275,536870915,275,239
3889,269,536870916,269,239
3889,184,536870917,184,239
3889,182,536870918,182,239
3889,106,536870919,106,239
3889,107,268435456,107,240
3889,183,268435457,183,240
3889,185,268435458,185,240
3889,270,268435459,270,240
3889,277,268435460,277,240
3889,313,268435461,313,240
3889,315,268435462,315,240
3889,323,268435463,323,240
3889,322,536870912,322,240
3889,314,536870913,314,240
3889,312,536870914,312,240
3889,276,536870915,276,240
3889,269,536870916,269,240
3889,184,536870917,184,240
3889,182,536870918,182,240
3889,106,536870919,106,240
3889,107,268435456,107,241
3889,183,268435457,183,241
3889,185,268435458,185,241
3889,270,268435459,270,241
3889,277,268435460,277,241
3889,313,268435461,313,241
3889,315,268435462,315,241
3889,324,268435463,324,241
3889,323,536870912,323,241
3889,314,536870913,314,241
3889,312,536870914,312,241
3889,276,536870915,276,241
3889,269,536870916,269,241
3889,184,536870917,184,241
3889,182,536870918,182,241
3889,106,536870919,106,241
3889,103,268435456,103,242
3889,104,268435457,104,242
3889,105,268435458,105,242
3889,183,268435459,183,242
3889,185,268435460,185,242
3889,270,268435461,270,242
3889,278,268435462,278,242
3889,314,268435463,314,242
3889,316,268435464,316,242
3889,324,268435465,324,242
3889,323,536870912,323,242
3889,315,536870913,315,242
3889,313,536870914,313,242
3889,277,536870915,277,242
3889,269,536870916,269,242
3889,184,536870917,184,242
3889,182,536870918,182,242
3889,104,536870919,104,242
3889,103,536870920,103,242
3889,102,536870921,102,242
3889,103,268435456,103,243
3889,183,268435457,183,243
3889,185,268435458,185,243
3889,270,268435459,270,243
3889,279,268435460,279,243
3889,314,268435461,314,243
3889,317,268435462,317,243
3889,324,268435463,324,243
3889,323,536870912,323,243
3889,316,536870913,316,243
3889,313,536870914,313,243
3889,278,536870915,278,243
3889,269,536870916,269,243
3889,184,536870917,184,243
3889,182,536870918,182,243
3889,102,536870919,102,243
3889,102,268435456,102,244
3889,183,268435457,183,244
3889,186,268435458,186,244
3889,270,268435459,270,244
3889,280,268435460,280,244
3889,314,268435461,314,244
3889,318,268435462,318,244
3889,325,268435463,325,244
3889,324,536870912,324,244
3889,317,536870913,317,244
3889,313,536870914,313,244
3889,279,536870915,279,244
3889,269,536870916,269,244
3889,185,536870917,185,244
3889,182,536870918,182,244
3889,101,536870919,101,244
3889,102,268435456,102,245
3889,183,268435457,183,245
3889,186,268435458,186,245
3889,270,268435459,270,245
3889,280,268435460,280,245
3889,315,268435461,315,245
3889,318,268435462,318,245
3889,325,268435463,325,245
3889,324,536870912,324,245
3889,317,536870913,317,245
3889,314,536870914,314,245
3889,279,536870915,279,245
3889,269,536870916,269,245
3889,185,536870917,185,245
3889,182,536870918,182,245
3889,101,536870919,101,245
3889,101,268435456,101,246
3889,182,268435457,182,246
3889,187,268435458,187,246
3889,270,268435459,270,246
3889,281,268435460,281,246
3889,315,268435461,315,246
3889,319,268435462,319,246
3889,326,268435463,326,246
3889,325,536870912,325,246
3889,318,536870913,318,246
3889,314,536870914,314,246
3889,280,536870915,280,246
3889,269,536870916,269,246
3889,186,536870917,186,246
3889,181,536870918,181,246
3889,100,536870919,100,246
3889,98,268435456,98,247
3889,182,268435457,182,247
3889,187,268435458,187,247
3889,270,268435459,270,247
3889,282,268435460,282,247
3889,316,268435461,316,247
3889,319,268435462,319,247
3889,326,268435463,326,247
3889,325,536870912,325,247
3889,318,536870913,318,247
3889,315,536870914,315,247
3889,281,536870915,281,247
3889,269,536870916,269,247
3889,186,536870917,186,247
3889,181,536870918,181,247
3889,97,536870919,97,247
3889,93,268435456,93,248
3889,182,268435457,182,248
3889,187,268435458,187,248
3889,271,268435459,271,248
3889,283,268435460,283,248
3889,316,268435461,316,248
3889,320,268435462,320,248
3889,327,268435463,327,248
3889,326,536870912,326,248
3889,319,536870913,319,248
3889,315,536870914,315,248
3889,282,536870915,282,248
3889,270,536870916,270,248
3889,186,536870917,186,248
3889,181,536870918,181,248
3889,92,536870919,92,248
3889,90,268435456,90,249
3889,181,268435457,181,249
3889,187,268435458,187,249
3889,272,268435459,272,249
3889,284,268435460,284,249
3889,317,268435461,317,249
3889,321,268435462,321,249
3889,327,268435463,327,249
3889,326,536870912,326,249
3889,320,536870913,320,249
3889,316,536870914,316,249
3889,283,536870915,283,249
3889,271,536870916,271,249
3889,186,536870917,186,249
3889,180,536870918,180,249
3889,89,536870919,89,249
3889,87,268435456,87,250
3889,181,268435457,181,250
3889,187,268435458,187,250
3889,272,268435459,272,250
3889,284,268435460,284,250
3889,318,268435461,318,250
3889,322,268435462,322,250
3889,328,268435463,328,250
3889,327,536870912,327,250
3889,321,536870913,321,250
3889,317,536870914,317,250
3889,283,536870915,283,250
3889,271,536870916,271,250
3889,186,536870917,186,250
3889,180,536870918,180,250
3889,86,536870919,86,250
3889,84,268435456,84,251
3889,181,268435457,181,251
3889,187,268435458,187,251
3889,273,268435459,273,251
3889,285,268435460,285,251
3889,319,268435461,319,251
3889,323,268435462,323,251
3889,328,268435463,328,251
3889,327,536870912,327,251
3889,322,536870913,322,251
3889,318,536870914,318,251
3889,284,536870915,284,251
3889,272,536870916,272,251
3889,186,536870917,186,251
3889,180,536870918,180,251
3889,83,536870919,83,251
3889,82,268435456,82,252
3889,180,268435457,180,252
3889,186,268435458,186,252
3889,273,268435459,273,252
3889,286,268435460,286,252
3889,319,268435461,319,252
3889,323,268435462,323,252
3889,329,268435463,329,252
3889,328,536870912,328,252
3889,322,536870913,322,252
3889,318,536870914,318,252
3889,285,536870915,285,252
3889,272,536870916,272,252
3889,185,536870917,185,252
3889,179,536870918,179,252
3889,81,536870919,81,252
3889,80,268435456,80,253
3889,180,268435457,180,253
3889,186,268435458,186,253
3889,274,268435459,274,253
3889,287,268435460,287,253
3889,320,268435461,320,253
3889,324,268435462,324,253
3889,329,268435463,329,253
3889,328,536870912,328,253
3889,323,536870913,323,253
3889,319,536870914,319,253
3889,286,536870915,286,253
3889,273,536870916,273,253
3889,185,536870917,185,253
3889,179,536870918,179,253
3889,79,536870919,79,253
3889,78,268435456,78,254
3889,180,268435457,180,254
3889,186,268435458,186,254
3889,275,268435459,275,254
3889,288,268435460,288,254
3889,320,268435461,320,254
3889,325,268435462,325,254
3889,330,268435463,330,254
3889,329,536870912,329,254
3889,324,536870913,324,254
3889,319,536870914,319,254
3889,287,536870915,287,254
3889,274,536870916,274,254
3889,185,536870917,185,254
3889,179,536870918,179,254
3889,77,536870919,77,254
3889,77,268435456,77,255
3889,179,268435457,179,255
3889,186,268435458,186,255
3889,275,268435459,275,255
3889,288,268435460,288,255
3889,321,268435461,321,255
3889,326,268435462,326,255
3889,330,268435463,330,255
3889,329,536870912,329,255
3889,325,536870913,325,255
3889,320,536870914,320,255
3889,287,536870915,287,255
3889,274,536870916,274,255
3889,185,536870917,185,255
3889,178,536870918,178,255
3889,76,536870919,76,255
3889,76,268435456,76,256
3889,179,268435457,179,256
3889,185,268435458,185,256
3889,276,268435459,276,256
3889,289,268435460,289,256
3889,322,268435461,322,256
3889,327,268435462,327,256
3889,330,268435463,330,256
3889,329,536870912,329,256
3889,326,536870913,326,256
3889,321,536870914,321,256
3889,288,536870915,288,256
3889,275,536870916,275,256
3889,184,536870917,184,256
3889,178,536870918,178,256
3889,75,536870919,75,256
3889,74,268435456,74,257
3889,178,268435457,178,257
3889,185,268435458,185,257
3889,276,268435459,276,257
3889,290,268435460,290,257
3889,323,268435461,323,257
3889,327,268435462,327,257
3889,331,268435463,331,257
3889,330,536870912,330,257
3889,326,536870913,326,257
3889,322,536870914,322,257
3889,289,536870915,289,257
3889,275,536870916,275,257
3889,184,536870917,184,257
3889,177,536870918,177,257
3889,73,536870919,73,257
3889,73,268435456,73,258
3889,178,268435457,178,258
3889,185,268435458,185,258
3889,277,268435459,277,258
3889,291,268435460,291,258
3889,323,268435461,323,258
3889,328,268435462,328,258
3889,331,268435463,331,258
3889,330,536870912,330,258
3889,327,536870913,327,258
3889,322,536870914,322,258
3889,290,536870915,290,258
3889,276,536870916,276,258
3889,184,536870917,184,258
3889,177,536870918,177,258
3889,72,536870919,72,258
3889,72,268435456,72,259
3889,177,268435457,177,259
3889,185,268435458,185,259
3889,277,268435459,277,259
3889,291,268435460,291,259
3889,324,268435461,324,259
3889,323,536870912,323,259
3889,290,536870913,290,259
3889,276,536870914,276,259
3889,184,536870915,184,259
3889,176,536870916,176,259
3889,71,536870917,71,259
3889,71,268435456,71,260
3889,176,268435457,176,260
3889,185,268435458,185,260
3889,278,268435459,278,260
3889,292,268435460,292,260
3889,325,268435461,325,260
3889,324,536870912,324,260
3889,291,536870913,291,260
3889,277,536870914,277,260
3889,184,536870915,184,260
3889,175,536870916,175,260
3889,70,536870917,70,260
3889,70,268435456,70,261
3889,176,268435457,176,261
3889,185,268435458,185,261
3889,279,268435459,279,261
3889,293,268435460,293,261
3889,326,268435461,326,261
3889,325,536870912,325,261
3889,292,536870913,292,261
3889,278,536870914,278,261
3889,184,536870915,184,261
3889,175,536870916,175,261
3889,69,536870917,69,261
3889,69,268435456,69,262
3889,175,268435457,175,262
3889,185,268435458,185,262
3889,279,268435459,279,262
3889,293,268435460,293,262
3889,326,268435461,326,262
3889,325,536870912,325,262
3889,292,536870913,292,262
3889,278,536870914,278,262
3889,184,536870915,184,262
3889,174,536870916,174,262
3889,68,536870917,68,262
3889,68,268435456,68,263
3889,174,268435457,174,263
3889,185,268435458,185,263
3889,280,268435459,280,263
3889,294,268435460,294,263
3889,327,268435461,327,263
3889,326,536870912,326,263
3889,293,536870913,293,263
3889,279,536870914,279,263
3889,184,536870915,184,263
3889,173,536870916,173,263
3889,67,536870917,67,263
3889,67,268435456,67,264
3889,173,268435457,173,264
3889,185,268435458,185,264
3889,281,268435459,281,264
3889,295,268435460,295,264
3889,328,268435461,328,264
3889,327,536870912,327,264
3889,294,536870913,294,264
3889,280,536870914,280,264
3889,184,536870915,184,264
3889,172,536870916,172,264
3889,66,536870917,66,264
3889,66,268435456,66,265
3889,172,268435457,172,265
3889,185,268435458,185,265
3889,281,268435459,281,265
3889,295,268435460,295,265
3889,329,268435461,329,265
3889,328,536870912,328,265
3889,294,536870913,294,265
3889,280,536870914,280,265
3889,184,536870915,184,265
3889,171,536870916,171,265
3889,65,536870917,65,265
3889,66,268435456,66,266
3889,171,268435457,171,266
3889,184,268435458,184,266
3889,282,268435459,282,266
3889,296,268435460,296,266
3889,329,268435461,329,266
3889,328,536870912,328,266
3889,295,536870913,295,266
3889,281,536870914,281,266
3889,183,536870915,183,266
3889,170,536870916,170,266
3889,65,536870917,65,266
3889,65,268435456,65,267
3889,171,268435457,171,267
3889,184,268435458,184,267
3889,282,268435459,282,267
3889,297,268435460,297,267
3889,330,268435461,330,267
3889,329,536870912,329,267
3889,296,536870913,296,267
3889,281,536870914,281,267
3889,183,536870915,183,267
3889,170,536870916,170,267
3889,64,536870917,64,267
3889,64,268435456,64,268
3889,172,268435457,172,268
3889,184,268435458,184,268
3889,283,268435459,283,268
3889,298,268435460,298,268
3889,331,268435461,331,268
3889,330,536870912,330,268
3889,297,536870913,297,268
3889,282,536870914,282,268
3889,183,536870915,183,268
3889,171,536870916,171,268
3889,63,536870917,63,268
3889,63,268435456,63,269
3889,173,268435457,173,269
3889,184,268435458,184,269
3889,283,268435459,283,269
3889,298,268435460,298,269
3889,331,268435461,331,269
3889,330,536870912,330,269
3889,297,536870913,297,269
3889,282,536870914,282,269
3889,183,536870915,183,269
3889,172,536870916,172,269
3889,62,536870917,62,269
3889,63,268435456,63,270
3889,176,268435457,176,270
3889,184,268435458,184,270
3889,284,268435459,284,270
3889,299,268435460,299,270
3889,332,268435461,332,270
3889,331,536870912,331,270
3889,298,536870913,298,270
3889,283,536870914,283,270
3889,183,536870915,183,270
3889,175,536870916,175,270
3889,62,536870917,62,270
3889,62,268435456,62,271
3889,180,268435457,180,271
3889,184,268435458,184,271
3889,285,268435459,285,271
3889,299,268435460,299,271
3889,333,268435461,333,271
3889,332,536870912,332,271
3889,298,536870913,298,271
3889,284,536870914,284,271
3889,183,536870915,183,271
3889,179,536870916,179,271
3889,61,536870917,61,271
3889,62,268435456,62,272
3889,285,268435457,285,272
3889,300,268435458,300,272
3889,334,268435459,334,272
3889,333,536870912,333,272
3889,299,536870913,299,272
3889,284,536870914,284,272
3889,61,536870915,61,272
3889,61,268435456,61,273
3889,286,268435457,286,273
3889,300,268435458,300,273
3889,335,268435459,335,273
3889,334,536870912,334,273
3889,299,536870913,299,273
3889,285,536870914,285,273
3889,60,536870915,60,273
3889,60,268435456,60,274
3889,286,268435457,286,274
3889,301,268435458,301,274
3889,336,268435459,336,274
3889,335,536870912,335,274
3889,300,536870913,300,274
3889,285,536870914,285,274
3889,59,536870915,59,274
3889,60,268435456,60,275
3889,287,268435457,287,275
3889,302,268435458,302,275
3889,336,268435459,336,275
3889,335,536870912,335,275
3889,301,536870913,301,275
3889,286,536870914,286,275
3889,59,536870915,59,275
3889,59,268435456,59,276
3889,288,268435457,288,276
3889,302,268435458,302,276
3889,337,268435459,337,276
3889,336,536870912,336,276
3889,301,536870913,301,276
3889,287,536870914,287,276
3889,58,536870915,58,276
3889,59,268435456,59,277
3889,288,268435457,288,277
3889,303,268435458,303,277
3889,338,268435459,338,277
3889,337,536870912,337,277
3889,302,536870913,302,277
3889,287,536870914,287,277
3889,58,536870915,58,277
3889,59,268435456,59,278
3889,289,268435457,289,278
3889,303,268435458,303,278
3889,339,268435459,339,278
3889,338,536870912,338,278
3889,302,536870913,302,278
3889,288,536870914,288,278
3889,58,536870915,58,278
3889,58,268435456,58,279
3889,289,268435457,289,279
3889,304,268435458,304,279
3889,340,268435459,340,279
3889,339,536870912,339,279
3889,303,536870913,303,279
3889,288,536870914,288,279
3889,57,536870915,57,279
3889,58,268435456,58,280
3889,290,268435457,290,280
3889,304,268435458,304,280
3889,340,268435459,340,280
3889,339,536870912,339,280
3889,303,536870913,303,280
3889,289,536870914,289,280
3889,57,536870915,57,280
3889,57,268435456,57,281
3889,291,268435457,291,281
3889,304,268435458,304,281
3889,341,268435459,341,281
3889,340,536870912,340,281
3889,303,536870913,303,281
3889,290,536870914,290,281
3889,56,536870915,56,281
3889,57,268435456,57,282
3889,291,268435457,291,282
3889,305,268435458,305,282
3889,342,268435459,342,282
3889,341,536870912,341,282
3889,304,536870913,304,282
3889,290,536870914,290,282
3889,56,536870915,56,282
3889,57,268435456,57,283
3889,292,268435457,292,283
3889,306,268435458,306,283
3889,343,268435459,343,283
3889,342,536870912,342,283
3889,305,536870913,305,283
3889,291,536870914,291,283
3889,56,536870915,56,283
3889,56,268435456,56,284
3889,292,268435457,292,284
3889,306,268435458,306,284
3889,341,268435459,341,284
3889,342,268435460,342,284
3889,343,268435461,343,284
3889,342,536870912,342,284
3889,341,536870913,341,284
3889,340,536870914,340,284
3889,305,536870915,305,284
3889,291,536870916,291,284
3889,55,536870917,55,284
3889,56,268435456,56,285
3889,293,268435457,293,285
3889,307,268435458,307,285
3889,342,268435459,342,285
3889,343,268435460,343,285
3889,344,268435461,344,285
3889,343,536870912,343,285
3889,342,536870913,342,285
3889,341,536870914,341,285
3889,306,536870915,306,285
3889,292,536870916,292,285
3889,55,536870917,55,285
3889,56,268435456,56,286
3889,293,268435457,293,286
3889,307,268435458,307,286
3889,345,268435459,345,286
3889,344,536870912,344,286
3889,306,536870913,306,286
3889,292,536870914,292,286
3889,55,536870915,55,286
3889,55,268435456,55,287
3889,294,268435457,294,287
3889,308,268435458,308,287
3889,346,268435459,346,287
3889,345,536870912,345,287
3889,307,536870913,307,287
3889,293,536870914,293,287
3889,54,536870915,54,287
3889,55,268435456,55,288
3889,295,268435457,295,288
3889,308,268435458,308,288
3889,344,268435459,344,288
3889,345,268435460,345,288
3889,347,268435461,347,288
3889,346,536870912,346,288
3889,344,536870913,344,288
3889,343,536870914,343,288
3889,307,536870915,307,288
3889,294,536870916,294,288
3889,54,536870917,54,288
3889,55,268435456,55,289
3889,295,268435457,295,289
3889,309,268435458,309,289
3889,345,268435459,345,289
3889,346,268435460,346,289
3889,348,268435461,348,289
3889,347,536870912,347,289
3889,345,536870913,345,289
3889,344,536870914,344,289
3889,308,536870915,308,289
3889,294,536870916,294,289
3889,54,536870917,54,289
3889,55,268435456,55,290
3889,296,268435457,296,290
3889,309,268435458,309,290
3889,346,268435459,346,290
3889,347,268435460,347,290
3889,348,268435461,348,290
3889,347,536870912,347,290
3889,346,536870913,346,290
3889,345,536870914,345,290
3889,308,536870915,308,290
3889,295,536870916,295,290
3889,54,536870917,54,290
3889,55,268435456,55,291
3889,296,268435457,296,291
3889,310,268435458,310,291
3889,346,268435459,346,291
3889,345,536870912,345,291
3889,309,536870913,309,291
3889,295,536870914,295,291
3889,54,536870915,54,291
3889,55,268435456,55,292
3889,297,268435457,297,292
3889,311,268435458,311,292
3889,345,268435459,345,292
3889,346,268435460,346,292
3889,347,268435461,347,292
3889,346,536870912,346,292
3889,345,536870913,345,292
3889,344,536870914,344,292
3889,310,536870915,310,292
3889,296,536870916,296,292
3889,54,536870917,54,292
3889,54,268435456,54,293
3889,297,268435457,297,293
3889,311,268435458,311,293
3889,346,268435459,346,293
3889,347,268435460,347,293
3889,348,268435461,348,293
3889,347,536870912,347,293
3889,346,536870913,346,293
3889,345,536870914,345,293
3889,310,536870915,310,293
3889,296,536870916,296,293
3889,53,536870917,53,293
3889,54,268435456,54,294
3889,298,268435457,298,294
3889,312,268435458,312,294
3889,349,268435459,349,294
3889,348,536870912,348,294
3889,311,536870913,311,294
3889,297,536870914,297,294
3889,53,536870915,53,294
3889,54,268435456,54,295
3889,298,268435457,298,295
3889,312,268435458,312,295
3889,349,268435459,349,295
3889,348,536870912,348,295
3889,311,536870913,311,295
3889,297,536870914,297,295
3889,53,536870915,53,295
3889,54,268435456,54,296
3889,299,268435457,299,296
3889,312,268435458,312,296
3889,349,268435459,349,296
3889,348,536870912,348,296
3889,311,536870913,311,296
3889,298,536870914,298,296
3889,53,536870915,53,296
3889,54,268435456,54,297
3889,299,268435457,299,297
3889,313,268435458,313,297
3889,350,268435459,350,297
3889,349,536870912,349,297
3889,312,536870913,312,297
3889,298,536870914,298,297
3889,53,536870915,53,297
3889,54,268435456,54,298
3889,300,268435457,300,298
3889,313,268435458,313,298
3889,351,268435459,351,298
3889,350,536870912,350,298
3889,312,536870913,312,298
3889,299,536870914,299,298
3889,53,536870915,53,298
3889,54,268435456,54,299
3889,184,268435457,184,299
3889,185,268435458,185,299
3889,300,268435459,300,299
3889,313,268435460,313,299
3889,351,268435461,351,299
3889,350,536870912,350,299
3889,312,536870913,312,299
3889,299,536870914,299,299
3889,184,536870915,184,299
3889,183,536870916,183,299
3889,53,536870917,53,299
3889,54,268435456,54,300
3889,156,268435457,156,300
3889,157,268435458,157,300
3889,184,268435459,184,300
3889,188,268435460,188,300
3889,300,268435461,300,300
3889,313,268435462,313,300
3889,352,268435463,352,300
3889,351,536870912,351,300
3889,312,536870913,312,300
3889,299,536870914,299,300
3889,187,536870915,187,300
3889,183,536870916,183,300
3889,156,536870917,156,300
3889,155,536870918,155,300
3889,53,536870919,53,300
3889,54,268435456,54,301
3889,156,268435457,156,301
3889,158,268435458,158,301
3889,183,268435459,183,301
3889,191,268435460,191,301
3889,301,268435461,301,301
3889,314,268435462,314,301
3889,353,268435463,353,301
3889,352,536870912,352,301
3889,313,536870913,313,301
3889,300,536870914,300,301
3889,190,536870915,190,301
3889,182,536870916,182,301
3889,157,536870917,157,301
3889,155,536870918,155,301
3889,53,536870919,53,301
3889,55,268435456,55,302
3889,156,268435457,156,302
3889,158,268435458,158,302
3889,169,268435459,169,302
3889,172,268435460,172,302
3889,182,268435461,182,302
3889,193,268435462,193,302
3889,301,268435463,301,302
3889,314,268435464,314,302
3889,354,268435465,354,302
3889,353,536870912,353,302
3889,313,536870913,313,302
3889,300,536870914,300,302
3889,192,536870915,192,302
3889,181,536870916,181,302
3889,171,536870917,171,302
3889,168,536870918,168,302
3889,157,536870919,157,302
3889,155,536870920,155,302
3889,54,536870921,54,302
3889,55,268435456,55,303
3889,156,268435457,156,303
3889,159,268435458,159,303
3889,168,268435459,168,303
3889,173,268435460,173,303
3889,181,268435461,181,303
3889,195,268435462,195,303
3889,266,268435463,266,303
3889,268,268435464,268,303
3889,302,268435465,302,303
3889,314,268435466,314,303
3889,355,268435467,355,303
3889,354,536870912,354,303
3889,313,536870913,313,303
3889,301,536870914,301,303
3889,267,536870915,267,303
3889,265,536870916,265,303
3889,194,536870917,194,303
3889,180,536870918,180,303
3889,172,536870919,172,303
3889,167,536870920,167,303
3889,158,536870921,158,303
3889,155,536870922,155,303
3889,54,536870923,54,303
3889,55,268435456,55,304
3889,155,268435457,155,304
3889,160,268435458,160,304
3889,168,268435459,168,304
3889,176,268435460,176,304
3889,181,268435461,181,304
3889,195,268435462,195,304
3889,267,268435463,267,304
3889,269,268435464,269,304
3889,302,268435465,302,304
3889,314,268435466,314,304
3889,356,268435467,356,304
