Frame,Part of frame,Layer,X,Y
1805,422,1073741824,422,178
1805,422,1073741825,422,163
1805,423,805306368,423,165
1805,423,805306369,423,179
1805,423,1073741824,423,178
1805,423,1073741825,423,164
1805,424,805306368,424,165
1805,424,805306369,424,179
1805,424,1073741824,424,178
1805,424,1073741825,424,164
1805,425,805306368,425,165
1805,425,805306369,425,180
1805,425,1073741824,425,179
1805,425,1073741825,425,164
1805,426,805306368,426,165
1805,426,805306369,426,180
1805,426,1073741824,426,179
1805,426,1073741825,426,164
1805,427,805306368,427,165
1805,427,805306369,427,180
1805,427,1073741824,427,179
1805,427,1073741825,427,164
1805,428,805306368,428,166
1805,428,805306369,428,181
1805,428,1073741824,428,180
1805,428,1073741825,428,165
1805,429,805306368,429,166
1805,429,805306369,429,181
1805,429,1073741824,429,180
1805,429,1073741825,429,165
1805,430,805306368,430,166
1805,430,805306369,430,181
1805,430,1073741824,430,180
1805,430,1073741825,430,165
1805,431,805306368,431,166
1805,431,805306369,431,181
1805,431,1073741824,431,180
1805,431,1073741825,431,165
1805,432,805306368,432,166
1805,432,805306369,432,182
1805,432,1073741824,432,181
1805,432,1073741825,432,165
1805,433,805306368,433,167
1805,433,805306369,433,182
1805,433,1073741824,433,181
1805,433,1073741825,433,166
1805,434,805306368,434,167
1805,434,805306369,434,182
1805,434,1073741824,434,181
1805,434,1073741825,434,166
1805,435,805306368,435,167
1805,435,805306369,435,183
1805,435,1073741824,435,182
1805,435,1073741825,435,166
1805,436,805306368,436,168
1805,436,805306369,436,183
1805,436,1073741824,436,182
1805,436,1073741825,436,167
1805,437,805306368,437,168
1805,437,805306369,437,183
1805,437,1073741824,437,182
1805,437,1073741825,437,167
1805,438,805306368,438,168
1805,438,805306369,438,184
1805,438,1073741824,438,183
1805,438,1073741825,438,167
1805,439,805306368,439,168
1805,439,805306369,439,184
1805,439,1073741824,439,183
1805,439,1073741825,439,167
1805,440,805306368,440,168
1805,440,805306369,440,184
1805,440,1073741824,440,183
1805,440,1073741825,440,167
1805,441,805306368,441,168
1805,441,805306369,441,184
1805,441,1073741824,441,183
1805,441,1073741825,441,167
1805,442,805306368,442,169
1805,442,805306369,442,185
1805,442,1073741824,442,184
1805,442,1073741825,442,168
1805,443,805306368,443,169
1805,443,805306369,443,185
1805,443,1073741824,443,184
1805,443,1073741825,443,168
1805,444,805306368,444,169
1805,444,805306369,444,185
1805,444,1073741824,444,184
1805,444,1073741825,444,168
1805,445,805306368,445,169
1805,445,805306369,445,186
1805,445,1073741824,445,185
1805,445,1073741825,445,168
1805,446,805306368,446,169
1805,446,805306369,446,186
1805,446,1073741824,446,185
1805,446,1073741825,446,168
1805,447,805306368,447,170
1805,447,805306369,447,186
1805,447,1073741824,447,185
1805,447,1073741825,447,169
1805,448,805306368,448,170
1805,448,805306369,448,187
1805,448,1073741824,448,186
1805,448,1073741825,448,169
1805,449,805306368,449,170
1805,449,805306369,449,187
1805,449,1073741824,449,186
1805,449,1073741825,449,169
1805,450,805306368,450,170
1805,450,805306369,450,187
1805,450,1073741824,450,186
1805,450,1073741825,450,169
1805,451,805306368,451,171
1805,451,805306369,451,188
1805,451,1073741824,451,187
1805,451,1073741825,451,170
1805,452,805306368,452,171
1805,452,805306369,452,188
1805,452,1073741824,452,187
1805,452,1073741825,452,170
1805,453,805306368,453,171
1805,453,805306369,453,188
1805,453,1073741824,453,187
1805,453,1073741825,453,170
1805,454,805306368,454,171
1805,454,805306369,454,188
1805,454,1073741824,454,187
1805,454,1073741825,454,170
1805,455,805306368,455,171
1805,455,805306369,455,189
1805,455,1073741824,455,188
1805,455,1073741825,455,170
1805,456,805306368,456,172
1805,456,805306369,456,189
1805,456,1073741824,456,188
1805,456,1073741825,456,171
1805,457,805306368,457,172
1805,457,805306369,457,189
1805,457,1073741824,457,188
1805,457,1073741825,457,171
1805,458,805306368,458,172
1805,458,805306369,458,190
1805,458,1073741824,458,189
1805,458,1073741825,458,171
1805,459,805306368,459,172
1805,459,805306369,459,190
1805,459,1073741824,459,189
1805,459,1073741825,459,171
1805,460,805306368,460,172
1805,460,805306369,460,190
1805,460,1073741824,460,189
1805,460,1073741825,460,171
1805,461,805306368,461,172
1805,461,805306369,461,191
1805,461,1073741824,461,190
1805,461,1073741825,461,171
1805,462,805306368,462,173
1805,462,805306369,462,191
1805,462,1073741824,462,190
1805,462,1073741825,462,172
1805,463,805306368,463,173
1805,463,805306369,463,191
1805,463,1073741824,463,190
1805,463,1073741825,463,172
1805,464,805306368,464,173
1805,464,805306369,464,192
1805,464,1073741824,464,191
1805,464,1073741825,464,172
1805,465,805306368,465,173
1805,465,805306369,465,192
1805,465,1073741824,465,191
1805,465,1073741825,465,172
1805,466,805306368,466,173
1805,466,805306369,466,192
1805,466,1073741824,466,191
1805,466,1073741825,466,172
1805,467,805306368,467,174
1805,467,805306369,467,193
1805,467,1073741824,467,192
1805,467,1073741825,467,173
1805,468,805306368,468,174
1805,468,805306369,468,193
1805,468,1073741824,468,192
1805,468,1073741825,468,173
1805,469,805306368,469,174
1805,469,805306369,469,193
1805,469,1073741824,469,192
1805,469,1073741825,469,173
1805,470,805306368,470,174
1805,470,805306369,470,193
1805,470,1073741824,470,192
1805,470,1073741825,470,173
1805,471,805306368,471,175
1805,471,805306369,471,194
1805,471,1073741824,471,193
1805,471,1073741825,471,174
1805,472,805306368,472,175
1805,472,805306369,472,194
1805,472,1073741824,472,193
1805,472,1073741825,472,174
1805,473,805306368,473,175
1805,473,805306369,473,194
1805,473,1073741824,473,193
1805,473,1073741825,473,174
1805,474,805306368,474,175
1805,474,805306369,474,195
1805,474,1073741824,474,194
1805,474,1073741825,474,174
1805,475,805306368,475,175
1805,475,805306369,475,195
1805,475,1073741824,475,194
1805,475,1073741825,475,174
1805,476,805306368,476,175
1805,476,805306369,476,195
1805,476,1073741824,476,194
1805,476,1073741825,476,174
1805,477,805306368,477,176
1805,477,805306369,477,196
1805,477,1073741824,477,195
1805,477,1073741825,477,175
1805,478,805306368,478,176
1805,478,805306369,478,196
1805,478,1073741824,478,195
1805,478,1073741825,478,175
1805,479,805306368,479,176
1805,479,805306369,479,196
1805,479,1073741824,479,195
1805,479,1073741825,479,175
1806,0,1342177280,0,0
1806,479,1610612736,479,0
1806,0,1342177280,0,1
1806,479,1610612736,479,1
1806,0,1342177280,0,2
1806,479,1610612736,479,2
1806,0,1342177280,0,3
1806,479,1610612736,479,3
1806,0,1342177280,0,4
1806,479,1610612736,479,4
1806,0,1342177280,0,5
1806,479,1610612736,479,5
1806,0,1342177280,0,6
1806,479,1610612736,479,6
1806,0,1342177280,0,7
1806,479,1610612736,479,7
1806,0,1342177280,0,8
1806,479,1610612736,479,8
1806,0,1342177280,0,9
1806,479,1610612736,479,9
1806,0,1342177280,0,10
1806,479,1610612736,479,10
1806,0,1342177280,0,11
1806,479,1610612736,479,11
1806,0,1342177280,0,12
1806,479,1610612736,479,12
1806,0,1342177280,0,13
1806,479,1610612736,479,13
1806,0,1342177280,0,14
1806,479,1610612736,479,14
1806,0,1342177280,0,15
1806,479,1610612736,479,15
1806,0,1342177280,0,16
1806,479,1610612736,479,16
1806,0,1342177280,0,17
1806,479,1610612736,479,17
1806,0,1342177280,0,18
1806,479,1610612736,479,18
1806,0,1342177280,0,19
1806,479,1610612736,479,19
1806,0,1342177280,0,20
1806,479,1610612736,479,20
1806,0,1342177280,0,21
1806,479,1610612736,479,21
1806,0,1342177280,0,22
1806,479,1610612736,479,22
1806,0,1342177280,0,23
1806,479,1610612736,479,23
1806,0,1342177280,0,24
1806,479,1610612736,479,24
1806,0,1342177280,0,25
1806,479,1610612736,479,25
1806,0,1342177280,0,26
1806,479,1610612736,479,26
1806,0,1342177280,0,27
1806,479,1610612736,479,27
1806,0,1342177280,0,28
1806,479,1610612736,479,28
1806,0,1342177280,0,29
1806,479,1610612736,479,29
1806,0,1342177280,0,30
1806,479,1610612736,479,30
1806,240,268435456,240,31
1806,243,268435457,243,31
1806,242,536870912,242,31
1806,239,536870913,239,31
1806,236,268435456,236,32
1806,246,268435457,246,32
1806,245,536870912,245,32
1806,235,536870913,235,32
1806,233,268435456,233,33
1806,248,268435457,248,33
1806,247,536870912,247,33
1806,232,536870913,232,33
1806,232,268435456,232,34
1806,250,268435457,250,34
1806,249,536870912,249,34
1806,231,536870913,231,34
1806,230,268435456,230,35
1806,254,268435457,254,35
1806,253,536870912,253,35
1806,229,536870913,229,35
1806,229,268435456,229,36
1806,255,268435457,255,36
1806,254,536870912,254,36
1806,228,536870913,228,36
1806,227,268435456,227,37
1806,256,268435457,256,37
1806,255,536870912,255,37
1806,226,536870913,226,37
1806,225,268435456,225,38
1806,259,268435457,259,38
1806,258,536870912,258,38
1806,224,536870913,224,38
1806,223,268435456,223,39
1806,262,268435457,262,39
1806,261,536870912,261,39
1806,222,536870913,222,39
1806,222,268435456,222,40
1806,266,268435457,266,40
1806,265,536870912,265,40
1806,221,536870913,221,40
1806,28,268435456,28,41
1806,35,268435457,35,41
1806,220,268435458,220,41
1806,269,268435459,269,41
1806,268,536870912,268,41
1806,219,536870913,219,41
1806,34,536870914,34,41
1806,27,536870915,27,41
1806,25,268435456,25,42
1806,38,268435457,38,42
1806,219,268435458,219,42
1806,272,268435459,272,42
1806,271,536870912,271,42
1806,218,536870913,218,42
1806,37,536870914,37,42
1806,24,536870915,24,42
1806,24,268435456,24,43
1806,41,268435457,41,43
1806,217,268435458,217,43
1806,274,268435459,274,43
1806,273,536870912,273,43
1806,216,536870913,216,43
1806,40,536870914,40,43
1806,23,536870915,23,43
1806,24,268435456,24,44
1806,44,268435457,44,44
1806,216,268435458,216,44
1806,276,268435459,276,44
1806,275,536870912,275,44
1806,215,536870913,215,44
1806,43,536870914,43,44
1806,23,536870915,23,44
1806,23,268435456,23,45
1806,47,268435457,47,45
1806,215,268435458,215,45
1806,278,268435459,278,45
1806,277,536870912,277,45
1806,214,536870913,214,45
1806,46,536870914,46,45
1806,22,536870915,22,45
1806,23,268435456,23,46
1806,49,268435457,49,46
1806,214,268435458,214,46
1806,280,268435459,280,46
1806,279,536870912,279,46
1806,213,536870913,213,46
1806,48,536870914,48,46
1806,22,536870915,22,46
1806,23,268435456,23,47
1806,52,268435457,52,47
1806,213,268435458,213,47
1806,281,268435459,281,47
1806,280,536870912,280,47
1806,212,536870913,212,47
1806,51,536870914,51,47
1806,22,536870915,22,47
1806,23,268435456,23,48
1806,54,268435457,54,48
1806,212,268435458,212,48
1806,282,268435459,282,48
1806,281,536870912,281,48
1806,211,536870913,211,48
1806,53,536870914,53,48
1806,22,536870915,22,48
1806,24,268435456,24,49
1806,56,268435457,56,49
1806,211,268435458,211,49
1806,284,268435459,284,49
1806,283,536870912,283,49
1806,210,536870913,210,49
1806,55,536870914,55,49
1806,23,536870915,23,49
1806,25,268435456,25,50
1806,59,268435457,59,50
1806,210,268435458,210,50
1806,285,268435459,285,50
1806,284,536870912,284,50
1806,209,536870913,209,50
1806,58,536870914,58,50
1806,24,536870915,24,50
1806,26,268435456,26,51
1806,61,268435457,61,51
1806,209,268435458,209,51
1806,286,268435459,286,51
1806,285,536870912,285,51
1806,208,536870913,208,51
1806,60,536870914,60,51
1806,25,536870915,25,51
1806,27,268435456,27,52
1806,63,268435457,63,52
1806,208,268435458,208,52
1806,287,268435459,287,52
1806,286,536870912,286,52
1806,207,536870913,207,52
1806,62,536870914,62,52
1806,26,536870915,26,52
1806,28,268435456,28,53
1806,66,268435457,66,53
1806,207,268435458,207,53
1806,288,268435459,288,53
1806,287,536870912,287,53
1806,206,536870913,206,53
1806,65,536870914,65,53
1806,27,536870915,27,53
1806,29,268435456,29,54
1806,68,268435457,68,54
1806,206,268435458,206,54
1806,288,268435459,288,54
1806,287,536870912,287,54
1806,205,536870913,205,54
1806,67,536870914,67,54
1806,28,536870915,28,54
1806,29,268435456,29,55
1806,70,268435457,70,55
1806,205,268435458,205,55
1806,289,268435459,289,55
1806,288,536870912,288,55
1806,204,536870913,204,55
1806,69,536870914,69,55
1806,28,536870915,28,55
1806,29,268435456,29,56
1806,73,268435457,73,56
1806,204,268435458,204,56
1806,290,268435459,290,56
1806,289,536870912,289,56
1806,203,536870913,203,56
1806,72,536870914,72,56
1806,28,536870915,28,56
1806,28,268435456,28,57
1806,75,268435457,75,57
1806,204,268435458,204,57
1806,290,268435459,290,57
1806,289,536870912,289,57
1806,203,536870913,203,57
1806,74,536870914,74,57
1806,27,536870915,27,57
1806,28,268435456,28,58
1806,77,268435457,77,58
1806,203,268435458,203,58
1806,291,268435459,291,58
1806,290,536870912,290,58
1806,202,536870913,202,58
1806,76,536870914,76,58
1806,27,536870915,27,58
1806,28,268435456,28,59
1806,79,268435457,79,59
1806,202,268435458,202,59
1806,291,268435459,291,59
1806,290,536870912,290,59
1806,201,536870913,201,59
1806,78,536870914,78,59
1806,27,536870915,27,59
1806,27,268435456,27,60
1806,81,268435457,81,60
1806,201,268435458,201,60
1806,291,268435459,291,60
1806,290,536870912,290,60
1806,200,536870913,200,60
1806,80,536870914,80,60
1806,26,536870915,26,60
1806,27,268435456,27,61
1806,83,268435457,83,61
1806,200,268435458,200,61
1806,292,268435459,292,61
1806,291,536870912,291,61
1806,199,536870913,199,61
1806,82,536870914,82,61
1806,26,536870915,26,61
1806,27,268435456,27,62
1806,85,268435457,85,62
1806,200,268435458,200,62
1806,292,268435459,292,62
1806,291,536870912,291,62
1806,199,536870913,199,62
1806,84,536870914,84,62
1806,26,536870915,26,62
1806,26,268435456,26,63
1806,87,268435457,87,63
1806,199,268435458,199,63
1806,293,268435459,293,63
1806,292,536870912,292,63
1806,198,536870913,198,63
1806,86,536870914,86,63
1806,25,536870915,25,63
1806,26,268435456,26,64
1806,88,268435457,88,64
1806,198,268435458,198,64
1806,293,268435459,293,64
1806,292,536870912,292,64
1806,197,536870913,197,64
1806,87,536870914,87,64
1806,25,536870915,25,64
1806,25,268435456,25,65
1806,89,268435457,89,65
1806,197,268435458,197,65
1806,294,268435459,294,65
1806,293,536870912,293,65
1806,196,536870913,196,65
1806,88,536870914,88,65
1806,24,536870915,24,65
1806,25,268435456,25,66
1806,90,268435457,90,66
1806,196,268435458,196,66
1806,294,268435459,294,66
1806,293,536870912,293,66
1806,195,536870913,195,66
1806,89,536870914,89,66
1806,24,536870915,24,66
1806,25,268435456,25,67
1806,91,268435457,91,67
1806,195,268435458,195,67
1806,294,268435459,294,67
1806,293,536870912,293,67
1806,194,536870913,194,67
1806,90,536870914,90,67
1806,24,536870915,24,67
1806,24,268435456,24,68
1806,91,268435457,91,68
1806,194,268435458,194,68
1806,295,268435459,295,68
1806,294,536870912,294,68
1806,193,536870913,193,68
1806,90,536870914,90,68
1806,23,536870915,23,68
1806,24,268435456,24,69
1806,93,268435457,93,69
1806,194,268435458,194,69
1806,295,268435459,295,69
1806,294,536870912,294,69
1806,193,536870913,193,69
1806,92,536870914,92,69
1806,23,536870915,23,69
1806,23,268435456,23,70
1806,96,268435457,96,70
1806,193,268435458,193,70
1806,295,268435459,295,70
1806,294,536870912,294,70
1806,192,536870913,192,70
1806,95,536870914,95,70
1806,22,536870915,22,70
1806,23,268435456,23,71
1806,98,268435457,98,71
1806,192,268435458,192,71
1806,295,268435459,295,71
1806,294,536870912,294,71
1806,191,536870913,191,71
1806,97,536870914,97,71
1806,22,536870915,22,71
1806,23,268435456,23,72
1806,101,268435457,101,72
1806,190,268435458,190,72
1806,296,268435459,296,72
1806,295,536870912,295,72
1806,189,536870913,189,72
1806,100,536870914,100,72
1806,22,536870915,22,72
1806,22,268435456,22,73
1806,103,268435457,103,73
1806,189,268435458,189,73
1806,296,268435459,296,73
1806,295,536870912,295,73
1806,188,536870913,188,73
1806,102,536870914,102,73
1806,21,536870915,21,73
1806,22,268435456,22,74
1806,106,268435457,106,74
1806,188,268435458,188,74
1806,296,268435459,296,74
1806,295,536870912,295,74
1806,187,536870913,187,74
1806,105,536870914,105,74
1806,21,536870915,21,74
1806,22,268435456,22,75
1806,109,268435457,109,75
1806,187,268435458,187,75
1806,296,268435459,296,75
1806,295,536870912,295,75
1806,186,536870913,186,75
1806,108,536870914,108,75
1806,21,536870915,21,75
1806,21,268435456,21,76
1806,111,268435457,111,76
1806,186,268435458,186,76
1806,296,268435459,296,76
1806,295,536870912,295,76
1806,185,536870913,185,76
1806,110,536870914,110,76
1806,20,536870915,20,76
1806,21,268435456,21,77
1806,78,268435457,78,77
1806,80,268435458,80,77
1806,114,268435459,114,77
1806,184,268435460,184,77
1806,296,268435461,296,77
1806,295,536870912,295,77
1806,183,536870913,183,77
1806,113,536870914,113,77
1806,79,536870915,79,77
1806,77,536870916,77,77
1806,20,536870917,20,77
1806,21,268435456,21,78
1806,77,268435457,77,78
1806,82,268435458,82,78
1806,88,268435459,88,78
1806,90,268435460,90,78
1806,117,268435461,117,78
1806,183,268435462,183,78
1806,297,268435463,297,78
1806,296,536870912,296,78
1806,182,536870913,182,78
1806,116,536870914,116,78
1806,89,536870915,89,78
1806,87,536870916,87,78
1806,81,536870917,81,78
1806,76,536870918,76,78
1806,20,536870919,20,78
1806,20,268435456,20,79
1806,77,268435457,77,79
1806,92,268435458,92,79
1806,119,268435459,119,79
1806,182,268435460,182,79
1806,297,268435461,297,79
1806,296,536870912,296,79
1806,181,536870913,181,79
1806,118,536870914,118,79
1806,91,536870915,91,79
1806,76,536870916,76,79
1806,19,536870917,19,79
1806,20,268435456,20,80
1806,76,268435457,76,80
1806,95,268435458,95,80
1806,122,268435459,122,80
1806,182,268435460,182,80
1806,297,268435461,297,80
1806,296,536870912,296,80
1806,181,536870913,181,80
1806,121,536870914,121,80
1806,94,536870915,94,80
1806,75,536870916,75,80
1806,19,536870917,19,80
1806,20,268435456,20,81
1806,76,268435457,76,81
1806,97,268435458,97,81
1806,125,268435459,125,81
1806,183,268435460,183,81
1806,297,268435461,297,81
1806,296,536870912,296,81
1806,182,536870913,182,81
1806,124,536870914,124,81
1806,96,536870915,96,81
1806,75,536870916,75,81
1806,19,536870917,19,81
1806,19,268435456,19,82
1806,75,268435457,75,82
1806,100,268435458,100,82
1806,127,268435459,127,82
1806,181,268435460,181,82
1806,297,268435461,297,82
1806,296,536870912,296,82
1806,180,536870913,180,82
1806,126,536870914,126,82
1806,99,536870915,99,82
1806,74,536870916,74,82
1806,18,536870917,18,82
1806,19,268435456,19,83
1806,75,268435457,75,83
1806,102,268435458,102,83
1806,130,268435459,130,83
1806,181,268435460,181,83
1806,298,268435461,298,83
1806,297,536870912,297,83
1806,180,536870913,180,83
1806,129,536870914,129,83
1806,101,536870915,101,83
1806,74,536870916,74,83
1806,18,536870917,18,83
1806,19,268435456,19,84
1806,74,268435457,74,84
1806,105,268435458,105,84
1806,133,268435459,133,84
1806,180,268435460,180,84
1806,298,268435461,298,84
1806,297,536870912,297,84
1806,179,536870913,179,84
1806,132,536870914,132,84
1806,104,536870915,104,84
1806,73,536870916,73,84
1806,18,536870917,18,84
1806,18,268435456,18,85
1806,74,268435457,74,85
1806,108,268435458,108,85
1806,135,268435459,135,85
1806,178,268435460,178,85
1806,298,268435461,298,85
1806,297,536870912,297,85
1806,177,536870913,177,85
1806,134,536870914,134,85
1806,107,536870915,107,85
1806,73,536870916,73,85
1806,17,536870917,17,85
1806,18,268435456,18,86
1806,74,268435457,74,86
1806,110,268435458,110,86
1806,138,268435459,138,86
1806,188,268435460,188,86
1806,298,268435461,298,86
1806,297,536870912,297,86
1806,187,536870913,187,86
1806,137,536870914,137,86
1806,109,536870915,109,86
1806,73,536870916,73,86
1806,17,536870917,17,86
1806,18,268435456,18,87
1806,73,268435457,73,87
1806,113,268435458,113,87
1806,141,268435459,141,87
1806,188,268435460,188,87
1806,298,268435461,298,87
1806,297,536870912,297,87
1806,187,536870913,187,87
1806,140,536870914,140,87
1806,112,536870915,112,87
1806,72,536870916,72,87
1806,17,536870917,17,87
1806,17,268435456,17,88
1806,73,268435457,73,88
1806,115,268435458,115,88
1806,144,268435459,144,88
1806,189,268435460,189,88
1806,294,268435461,294,88
1806,296,268435462,296,88
1806,298,268435463,298,88
1806,297,536870912,297,88
1806,295,536870913,295,88
1806,293,536870914,293,88
1806,188,536870915,188,88
1806,143,536870916,143,88
1806,114,536870917,114,88
1806,72,536870918,72,88
1806,16,536870919,16,88
1806,17,268435456,17,89
1806,72,268435457,72,89
1806,118,268435458,118,89
1806,146,268435459,146,89
1806,191,268435460,191,89
1806,192,268435461,192,89
1806,199,268435462,199,89
1806,294,268435463,294,89
1806,297,268435464,297,89
1806,298,268435465,298,89
1806,297,536870912,297,89
1806,296,536870913,296,89
1806,293,536870914,293,89
1806,198,536870915,198,89
1806,191,536870916,191,89
1806,190,536870917,190,89
1806,145,536870918,145,89
1806,117,536870919,117,89
1806,71,536870920,71,89
1806,16,536870921,16,89
1806,17,268435456,17,90
1806,72,268435457,72,90
1806,120,268435458,120,90
1806,149,268435459,149,90
1806,199,268435460,199,90
1806,294,268435461,294,90
1806,293,536870912,293,90
1806,198,536870913,198,90
1806,148,536870914,148,90
1806,119,536870915,119,90
1806,71,536870916,71,90
1806,16,536870917,16,90
1806,16,268435456,16,91
1806,71,268435457,71,91
1806,123,268435458,123,91
1806,151,268435459,151,91
1806,198,268435460,198,91
1806,293,268435461,293,91
1806,292,536870912,292,91
1806,197,536870913,197,91
1806,150,536870914,150,91
1806,122,536870915,122,91
1806,70,536870916,70,91
1806,15,536870917,15,91
1806,16,268435456,16,92
1806,71,268435457,71,92
1806,125,268435458,125,92
1806,154,268435459,154,92
1806,198,268435460,198,92
1806,293,268435461,293,92
1806,292,536870912,292,92
1806,197,536870913,197,92
1806,153,536870914,153,92
1806,124,536870915,124,92
1806,70,536870916,70,92
1806,15,536870917,15,92
1806,16,268435456,16,93
1806,70,268435457,70,93
1806,128,268435458,128,93
1806,157,268435459,157,93
1806,197,268435460,197,93
1806,292,268435461,292,93
1806,291,536870912,291,93
1806,196,536870913,196,93
1806,156,536870914,156,93
1806,127,536870915,127,93
1806,69,536870916,69,93
1806,15,536870917,15,93
1806,15,268435456,15,94
1806,70,268435457,70,94
1806,131,268435458,131,94
1806,160,268435459,160,94
1806,197,268435460,197,94
1806,292,268435461,292,94
1806,291,536870912,291,94
1806,196,536870913,196,94
1806,159,536870914,159,94
1806,130,536870915,130,94
1806,69,536870916,69,94
1806,14,536870917,14,94
1806,15,268435456,15,95
1806,70,268435457,70,95
1806,133,268435458,133,95
1806,162,268435459,162,95
1806,197,268435460,197,95
1806,291,268435461,291,95
1806,290,536870912,290,95
1806,196,536870913,196,95
1806,161,536870914,161,95
1806,132,536870915,132,95
1806,69,536870916,69,95
1806,14,536870917,14,95
1806,15,268435456,15,96
1806,69,268435457,69,96
1806,136,268435458,136,96
1806,165,268435459,165,96
1806,196,268435460,196,96
1806,288,268435461,288,96
1806,287,536870912,287,96
1806,195,536870913,195,96
1806,164,536870914,164,96
1806,135,536870915,135,96
1806,68,536870916,68,96
1806,14,536870917,14,96
1806,15,268435456,15,97
1806,69,268435457,69,97
1806,138,268435458,138,97
1806,168,268435459,168,97
1806,196,268435460,196,97
1806,282,268435461,282,97
1806,283,268435462,283,97
1806,288,268435463,288,97
1806,287,536870912,287,97
1806,282,536870913,282,97
1806,281,536870914,281,97
1806,195,536870915,195,97
1806,167,536870916,167,97
1806,137,536870917,137,97
1806,68,536870918,68,97
1806,14,536870919,14,97
1806,14,268435456,14,98
1806,68,268435457,68,98
1806,141,268435458,141,98
1806,171,268435459,171,98
1806,196,268435460,196,98
1806,277,268435461,277,98
1806,279,268435462,279,98
1806,284,268435463,284,98
1806,286,268435464,286,98
1806,288,268435465,288,98
1806,287,536870912,287,98
1806,285,536870913,285,98
1806,283,536870914,283,98
1806,278,536870915,278,98
1806,276,536870916,276,98
1806,195,536870917,195,98
1806,170,536870918,170,98
1806,140,536870919,140,98
1806,67,536870920,67,98
1806,13,536870921,13,98
1806,14,268435456,14,99
1806,68,268435457,68,99
1806,144,268435458,144,99
1806,174,268435459,174,99
1806,196,268435460,196,99
1806,277,268435461,277,99
1806,278,268435462,278,99
1806,283,268435463,283,99
1806,282,536870912,282,99
1806,277,536870913,277,99
1806,276,536870914,276,99
1806,195,536870915,195,99
1806,173,536870916,173,99
1806,143,536870917,143,99
1806,67,536870918,67,99
1806,13,536870919,13,99
1806,14,268435456,14,100
1806,68,268435457,68,100
1806,146,268435458,146,100
1806,177,268435459,177,100
1806,195,268435460,195,100
1806,277,268435461,277,100
1806,280,268435462,280,100
1806,281,268435463,281,100
1806,286,268435464,286,100
1806,287,268435465,287,100
1806,286,536870912,286,100
1806,285,536870913,285,100
1806,280,536870914,280,100
1806,279,536870915,279,100
1806,276,536870916,276,100
1806,194,536870917,194,100
1806,176,536870918,176,100
1806,145,536870919,145,100
1806,67,536870920,67,100
1806,13,536870921,13,100
1806,13,268435456,13,101
1806,67,268435457,67,101
1806,149,268435458,149,101
1806,180,268435459,180,101
1806,195,268435460,195,101
1806,277,268435461,277,101
1806,276,536870912,276,101
1806,194,536870913,194,101
1806,179,536870914,179,101
1806,148,536870915,148,101
1806,66,536870916,66,101
1806,12,536870917,12,101
1806,13,268435456,13,102
1806,67,268435457,67,102
1806,152,268435458,152,102
1806,182,268435459,182,102
1806,196,268435460,196,102
1806,277,268435461,277,102
1806,276,536870912,276,102
1806,195,536870913,195,102
1806,181,536870914,181,102
1806,151,536870915,151,102
1806,66,536870916,66,102
1806,12,536870917,12,102
1806,13,268435456,13,103
1806,66,268435457,66,103
1806,155,268435458,155,103
1806,185,268435459,185,103
1806,195,268435460,195,103
1806,278,268435461,278,103
1806,277,536870912,277,103
1806,194,536870913,194,103
1806,184,536870914,184,103
1806,154,536870915,154,103
1806,65,536870916,65,103
1806,12,536870917,12,103
1806,13,268435456,13,104
1806,66,268435457,66,104
1806,157,268435458,157,104
1806,188,268435459,188,104
1806,194,268435460,194,104
1806,278,268435461,278,104
1806,277,536870912,277,104
1806,193,536870913,193,104
1806,187,536870914,187,104
1806,156,536870915,156,104
1806,65,536870916,65,104
1806,12,536870917,12,104
1806,12,268435456,12,105
1806,65,268435457,65,105
1806,160,268435458,160,105
1806,279,268435459,279,105
1806,278,536870912,278,105
1806,159,536870913,159,105
1806,64,536870914,64,105
1806,11,536870915,11,105
1806,12,268435456,12,106
1806,65,268435457,65,106
1806,163,268435458,163,106
1806,279,268435459,279,106
1806,278,536870912,278,106
1806,162,536870913,162,106
1806,64,536870914,64,106
1806,11,536870915,11,106
1806,12,268435456,12,107
1806,65,268435457,65,107
1806,165,268435458,165,107
1806,280,268435459,280,107
1806,279,536870912,279,107
1806,164,536870913,164,107
1806,64,536870914,64,107
1806,11,536870915,11,107
1806,12,268435456,12,108
1806,64,268435457,64,108
1806,168,268435458,168,108
1806,278,268435459,278,108
1806,277,536870912,277,108
1806,167,536870913,167,108
1806,63,536870914,63,108
1806,11,536870915,11,108
1806,11,268435456,11,109
1806,64,268435457,64,109
1806,171,268435458,171,109
1806,276,268435459,276,109
1806,275,536870912,275,109
1806,170,536870913,170,109
1806,63,536870914,63,109
1806,10,536870915,10,109
1806,11,268435456,11,110
1806,63,268435457,63,110
1806,174,268435458,174,110
1806,274,268435459,274,110
1806,273,536870912,273,110
1806,173,536870913,173,110
1806,62,536870914,62,110
1806,10,536870915,10,110
1806,11,268435456,11,111
1806,63,268435457,63,111
1806,176,268435458,176,111
1806,274,268435459,274,111
1806,273,536870912,273,111
1806,175,536870913,175,111
1806,62,536870914,62,111
1806,10,536870915,10,111
1806,11,268435456,11,112
1806,63,268435457,63,112
1806,179,268435458,179,112
1806,273,268435459,273,112
1806,272,536870912,272,112
1806,178,536870913,178,112
1806,62,536870914,62,112
1806,10,536870915,10,112
1806,10,268435456,10,113
1806,62,268435457,62,113
1806,183,268435458,183,113
1806,272,268435459,272,113
1806,271,536870912,271,113
1806,182,536870913,182,113
1806,61,536870914,61,113
1806,9,536870915,9,113
1806,10,268435456,10,114
1806,62,268435457,62,114
1806,185,268435458,185,114
1806,271,268435459,271,114
1806,270,536870912,270,114
1806,184,536870913,184,114
1806,61,536870914,61,114
1806,9,536870915,9,114
1806,10,268435456,10,115
1806,61,268435457,61,115
1806,188,268435458,188,115
1806,269,268435459,269,115
1806,268,536870912,268,115
1806,187,536870913,187,115
1806,60,536870914,60,115
1806,9,536870915,9,115
1806,10,268435456,10,116
1806,61,268435457,61,116
1806,189,268435458,189,116
1806,268,268435459,268,116
1806,267,536870912,267,116
1806,188,536870913,188,116
1806,60,536870914,60,116
1806,9,536870915,9,116
1806,9,268435456,9,117
1806,61,268435457,61,117
1806,188,268435458,188,117
1806,191,268435459,191,117
1806,194,268435460,194,117
1806,267,268435461,267,117
1806,266,536870912,266,117
1806,193,536870913,193,117
1806,190,536870914,190,117
1806,187,536870915,187,117
1806,60,536870916,60,117
1806,8,536870917,8,117
1806,9,268435456,9,118
1806,60,268435457,60,118
1806,188,268435458,188,118
1806,189,268435459,189,118
1806,195,268435460,195,118
1806,266,268435461,266,118
1806,265,536870912,265,118
1806,194,536870913,194,118
1806,188,536870914,188,118
1806,187,536870915,187,118
1806,59,536870916,59,118
1806,8,536870917,8,118
1806,9,268435456,9,119
1806,60,268435457,60,119
1806,187,268435458,187,119
1806,188,268435459,188,119
1806,195,268435460,195,119
1806,265,268435461,265,119
1806,264,536870912,264,119
1806,194,536870913,194,119
1806,187,536870914,187,119
1806,186,536870915,186,119
1806,59,536870916,59,119
1806,8,536870917,8,119
1806,9,268435456,9,120
1806,60,268435457,60,120
1806,194,268435458,194,120
1806,264,268435459,264,120
1806,263,536870912,263,120
1806,193,536870913,193,120
1806,59,536870914,59,120
1806,8,536870915,8,120
1806,9,268435456,9,121
1806,59,268435457,59,121
1806,193,268435458,193,121
1806,198,268435459,198,121
1806,199,268435460,199,121
1806,262,268435461,262,121
1806,261,536870912,261,121
1806,198,536870913,198,121
1806,197,536870914,197,121
1806,192,536870915,192,121
1806,58,536870916,58,121
1806,8,536870917,8,121
1806,9,268435456,9,122
1806,59,268435457,59,122
1806,195,268435458,195,122
1806,197,268435459,197,122
1806,199,268435460,199,122
1806,260,268435461,260,122
1806,259,536870912,259,122
1806,198,536870913,198,122
1806,196,536870914,196,122
1806,194,536870915,194,122
1806,58,536870916,58,122
1806,8,536870917,8,122
1806,8,268435456,8,123
1806,59,268435457,59,123
1806,195,268435458,195,123
1806,197,268435459,197,123
1806,198,268435460,198,123
1806,261,268435461,261,123
1806,260,536870912,260,123
1806,197,536870913,197,123
1806,196,536870914,196,123
1806,194,536870915,194,123
1806,58,536870916,58,123
1806,7,536870917,7,123
1806,8,268435456,8,124
1806,58,268435457,58,124
1806,194,268435458,194,124
1806,196,268435459,196,124
1806,198,268435460,198,124
1806,262,268435461,262,124
1806,261,536870912,261,124
1806,197,536870913,197,124
1806,195,536870914,195,124
1806,193,536870915,193,124
1806,57,536870916,57,124
1806,7,536870917,7,124
1806,8,268435456,8,125
1806,58,268435457,58,125
1806,194,268435458,194,125
1806,195,268435459,195,125
1806,198,268435460,198,125
1806,265,268435461,265,125
1806,264,536870912,264,125
1806,197,536870913,197,125
1806,194,536870914,194,125
1806,193,536870915,193,125
1806,57,536870916,57,125
1806,7,536870917,7,125
1806,8,268435456,8,126
1806,58,268435457,58,126
1806,193,268435458,193,126
1806,195,268435459,195,126
1806,197,268435460,197,126
1806,268,268435461,268,126
1806,267,536870912,267,126
1806,196,536870913,196,126
1806,194,536870914,194,126
1806,192,536870915,192,126
1806,57,536870916,57,126
1806,7,536870917,7,126
1806,8,268435456,8,127
1806,57,268435457,57,127
1806,193,268435458,193,127
1806,194,268435459,194,127
1806,197,268435460,197,127
1806,198,268435461,198,127
1806,199,268435462,199,127
1806,271,268435463,271,127
1806,270,536870912,270,127
1806,198,536870913,198,127
1806,197,536870914,197,127
1806,196,536870915,196,127
1806,193,536870916,193,127
1806,192,536870917,192,127
1806,56,536870918,56,127
1806,7,536870919,7,127
1806,7,268435456,7,128
1806,57,268435457,57,128
1806,199,268435458,199,128
1806,274,268435459,274,128
1806,273,536870912,273,128
1806,198,536870913,198,128
1806,56,536870914,56,128
1806,6,536870915,6,128
1806,7,268435456,7,129
1806,57,268435457,57,129
1806,201,268435458,201,129
1806,275,268435459,275,129
1806,274,536870912,274,129
1806,200,536870913,200,129
1806,56,536870914,56,129
1806,6,536870915,6,129
1806,7,268435456,7,130
1806,56,268435457,56,130
1806,201,268435458,201,130
1806,203,268435459,203,130
1806,204,268435460,204,130
1806,276,268435461,276,130
1806,275,536870912,275,130
1806,203,536870913,203,130
1806,202,536870914,202,130
1806,200,536870915,200,130
1806,55,536870916,55,130
1806,6,536870917,6,130
1806,7,268435456,7,131
1806,56,268435457,56,131
1806,204,268435458,204,131
1806,210,268435459,210,131
1806,211,268435460,211,131
1806,216,268435461,216,131
1806,218,268435462,218,131
1806,223,268435463,223,131
1806,224,268435464,224,131
1806,278,268435465,278,131
1806,277,536870912,277,131
1806,223,536870913,223,131
1806,222,536870914,222,131
1806,217,536870915,217,131
1806,215,536870916,215,131
1806,210,536870917,210,131
1806,209,536870918,209,131
1806,203,536870919,203,131
1806,55,536870920,55,131
1806,6,536870921,6,131
1806,7,268435456,7,132
1806,56,268435457,56,132
1806,203,268435458,203,132
1806,209,268435459,209,132
1806,210,268435460,210,132
1806,215,268435461,215,132
1806,218,268435462,218,132
1806,222,268435463,222,132
1806,223,268435464,223,132
1806,279,268435465,279,132
1806,278,536870912,278,132
1806,222,536870913,222,132
1806,221,536870914,221,132
1806,217,536870915,217,132
1806,214,536870916,214,132
1806,209,536870917,209,132
1806,208,536870918,208,132
1806,202,536870919,202,132
1806,55,536870920,55,132
1806,6,536870921,6,132
1806,7,268435456,7,133
1806,56,268435457,56,133
1806,203,268435458,203,133
1806,208,268435459,208,133
1806,213,268435460,213,133
1806,214,268435461,214,133
1806,218,268435462,218,133
1806,222,268435463,222,133
1806,223,268435464,223,133
1806,281,268435465,281,133
1806,280,536870912,280,133
1806,222,536870913,222,133
1806,221,536870914,221,133
1806,217,536870915,217,133
1806,213,536870916,213,133
1806,212,536870917,212,133
1806,207,536870918,207,133
1806,202,536870919,202,133
1806,55,536870920,55,133
1806,6,536870921,6,133
1806,7,268435456,7,134
1806,55,268435457,55,134
1806,202,268435458,202,134
1806,208,268435459,208,134
1806,218,268435460,218,134
1806,221,268435461,221,134
1806,223,268435462,223,134
1806,283,268435463,283,134
1806,282,536870912,282,134
1806,222,536870913,222,134
1806,220,536870914,220,134
1806,217,536870915,217,134
1806,207,536870916,207,134
1806,201,536870917,201,134
1806,54,536870918,54,134
1806,6,536870919,6,134
1806,6,268435456,6,135
1806,55,268435457,55,135
1806,202,268435458,202,135
1806,203,268435459,203,135
1806,205,268435460,205,135
1806,207,268435461,207,135
1806,217,268435462,217,135
1806,220,268435463,220,135
1806,222,268435464,222,135
1806,287,268435465,287,135
1806,286,536870912,286,135
1806,221,536870913,221,135
1806,219,536870914,219,135
1806,216,536870915,216,135
1806,206,536870916,206,135
1806,204,536870917,204,135
1806,202,536870918,202,135
1806,201,536870919,201,135
1806,54,536870920,54,135
1806,5,536870921,5,135
1806,6,268435456,6,136
1806,55,268435457,55,136
1806,217,268435458,217,136
1806,220,268435459,220,136
1806,222,268435460,222,136
1806,290,268435461,290,136
1806,289,536870912,289,136
1806,221,536870913,221,136
1806,219,536870914,219,136
1806,216,536870915,216,136
1806,54,536870916,54,136
1806,5,536870917,5,136
1806,6,268435456,6,137
1806,54,268435457,54,137
1806,217,268435458,217,137
1806,219,268435459,219,137
1806,221,268435460,221,137
1806,294,268435461,294,137
1806,293,536870912,293,137
1806,220,536870913,220,137
1806,218,536870914,218,137
1806,216,536870915,216,137
1806,53,536870916,53,137
1806,5,536870917,5,137
1806,6,268435456,6,138
1806,54,268435457,54,138
1806,221,268435458,221,138
1806,297,268435459,297,138
1806,296,536870912,296,138
1806,220,536870913,220,138
1806,53,536870914,53,138
1806,5,536870915,5,138
1806,6,268435456,6,139
1806,54,268435457,54,139
1806,221,268435458,221,139
1806,301,268435459,301,139
1806,300,536870912,300,139
1806,220,536870913,220,139
1806,53,536870914,53,139
1806,5,536870915,5,139
1806,6,268435456,6,140
1806,54,268435457,54,140
1806,221,268435458,221,140
1806,305,268435459,305,140
1806,304,536870912,304,140
1806,220,536870913,220,140
1806,53,536870914,53,140
1806,5,536870915,5,140
1806,6,268435456,6,141
1806,54,268435457,54,141
1806,221,268435458,221,141
1806,308,268435459,308,141
1806,307,536870912,307,141
1806,220,536870913,220,141
1806,53,536870914,53,141
1806,5,536870915,5,141
1806,5,268435456,5,142
1806,53,268435457,53,142
1806,220,268435458,220,142
1806,312,268435459,312,142
1806,311,536870912,311,142
1806,219,536870913,219,142
1806,52,536870914,52,142
1806,4,536870915,4,142
1806,5,268435456,5,143
1806,53,268435457,53,143
1806,220,268435458,220,143
1806,315,268435459,315,143
1806,314,536870912,314,143
1806,219,536870913,219,143
1806,52,536870914,52,143
1806,4,536870915,4,143
1806,5,268435456,5,144
1806,53,268435457,53,144
1806,220,268435458,220,144
1806,319,268435459,319,144
1806,318,536870912,318,144
1806,219,536870913,219,144
1806,52,536870914,52,144
1806,4,536870915,4,144
1806,5,268435456,5,145
1806,53,268435457,53,145
1806,220,268435458,220,145
1806,323,268435459,323,145
1806,322,536870912,322,145
1806,219,536870913,219,145
1806,52,536870914,52,145
1806,4,536870915,4,145
1806,5,268435456,5,146
1806,53,268435457,53,146
1806,220,268435458,220,146
1806,326,268435459,326,146
1806,325,536870912,325,146
1806,219,536870913,219,146
1806,52,536870914,52,146
1806,4,536870915,4,146
1806,5,268435456,5,147
1806,52,268435457,52,147
1806,220,268435458,220,147
1806,285,268435459,285,147
1806,288,268435460,288,147
1806,330,268435461,330,147
1806,329,536870912,329,147
1806,287,536870913,287,147
1806,284,536870914,284,147
1806,219,536870915,219,147
1806,51,536870916,51,147
1806,4,536870917,4,147
1806,5,268435456,5,148
1806,52,268435457,52,148
1806,221,268435458,221,148
1806,285,268435459,285,148
1806,292,268435460,292,148
1806,333,268435461,333,148
1806,332,536870912,332,148
1806,291,536870913,291,148
1806,284,536870914,284,148
1806,220,536870915,220,148
1806,51,536870916,51,148
1806,4,536870917,4,148
1806,5,268435456,5,149
1806,52,268435457,52,149
1806,221,268435458,221,149
1806,285,268435459,285,149
1806,295,268435460,295,149
1806,337,268435461,337,149
1806,336,536870912,336,149
1806,294,536870913,294,149
1806,284,536870914,284,149
1806,220,536870915,220,149
1806,51,536870916,51,149
1806,4,536870917,4,149
1806,5,268435456,5,150
1806,52,268435457,52,150
1806,221,268435458,221,150
1806,285,268435459,285,150
1806,299,268435460,299,150
1806,341,268435461,341,150
1806,340,536870912,340,150
1806,298,536870913,298,150
1806,284,536870914,284,150
1806,220,536870915,220,150
1806,51,536870916,51,150
1806,4,536870917,4,150
1806,5,268435456,5,151
1806,52,268435457,52,151
1806,221,268435458,221,151
1806,285,268435459,285,151
1806,302,268435460,302,151
1806,345,268435461,345,151
1806,368,268435462,368,151
1806,370,268435463,370,151
1806,369,536870912,369,151
1806,367,536870913,367,151
1806,344,536870914,344,151
1806,301,536870915,301,151
1806,284,536870916,284,151
1806,220,536870917,220,151
1806,51,536870918,51,151
1806,4,536870919,4,151
1806,5,268435456,5,152
1806,52,268435457,52,152
1806,222,268435458,222,152
1806,285,268435459,285,152
1806,306,268435460,306,152
1806,349,268435461,349,152
1806,357,268435462,357,152
1806,360,268435463,360,152
1806,366,268435464,366,152
1806,372,268435465,372,152
1806,371,536870912,371,152
1806,365,536870913,365,152
1806,359,536870914,359,152
1806,356,536870915,356,152
1806,348,536870916,348,152
1806,305,536870917,305,152
1806,284,536870918,284,152
1806,221,536870919,221,152
1806,51,536870920,51,152
1806,4,536870921,4,152
1806,5,268435456,5,153
1806,51,268435457,51,153
1806,222,268435458,222,153
1806,285,268435459,285,153
1806,309,268435460,309,153
1806,352,268435461,352,153
1806,356,268435462,356,153
1806,362,268435463,362,153
1806,366,268435464,366,153
1806,372,268435465,372,153
1806,371,536870912,371,153
1806,365,536870913,365,153
1806,361,536870914,361,153
1806,355,536870915,355,153
1806,351,536870916,351,153
1806,308,536870917,308,153
1806,284,536870918,284,153
1806,221,536870919,221,153
1806,50,536870920,50,153
1806,4,536870921,4,153
1806,4,268435456,4,154
1806,51,268435457,51,154
1806,221,268435458,221,154
1806,286,268435459,286,154
1806,312,268435460,312,154
1806,363,268435461,363,154
1806,365,268435462,365,154
1806,373,268435463,373,154
1806,374,268435464,374,154
1806,378,268435465,378,154
1806,377,536870912,377,154
1806,373,536870913,373,154
1806,372,536870914,372,154
1806,364,536870915,364,154
1806,362,536870916,362,154
1806,311,536870917,311,154
1806,285,536870918,285,154
1806,220,536870919,220,154
1806,50,536870920,50,154
1806,3,536870921,3,154
1806,4,268435456,4,155
1806,51,268435457,51,155
1806,221,268435458,221,155
1806,287,268435459,287,155
1806,316,268435460,316,155
1806,379,268435461,379,155
1806,378,536870912,378,155
1806,315,536870913,315,155
1806,286,536870914,286,155
1806,220,536870915,220,155
1806,50,536870916,50,155
1806,3,536870917,3,155
1806,4,268435456,4,156
1806,51,268435457,51,156
1806,220,268435458,220,156
1806,288,268435459,288,156
1806,320,268435460,320,156
1806,383,268435461,383,156
1806,382,536870912,382,156
1806,319,536870913,319,156
1806,287,536870914,287,156
1806,219,536870915,219,156
1806,50,536870916,50,156
1806,3,536870917,3,156
1806,4,268435456,4,157
1806,51,268435457,51,157
1806,219,268435458,219,157
1806,288,268435459,288,157
1806,323,268435460,323,157
1806,384,268435461,384,157
1806,383,536870912,383,157
1806,322,536870913,322,157
1806,287,536870914,287,157
1806,218,536870915,218,157
1806,50,536870916,50,157
1806,3,536870917,3,157
1806,4,268435456,4,158
1806,51,268435457,51,158
1806,218,268435458,218,158
1806,289,268435459,289,158
1806,327,268435460,327,158
1806,384,268435461,384,158
1806,387,268435462,387,158
1806,390,268435463,390,158
1806,389,536870912,389,158
1806,386,536870913,386,158
1806,383,536870914,383,158
1806,326,536870915,326,158
1806,288,536870916,288,158
1806,217,536870917,217,158
1806,50,536870918,50,158
1806,3,536870919,3,158
1806,4,268435456,4,159
1806,50,268435457,50,159
1806,218,268435458,218,159
1806,289,268435459,289,159
1806,330,268435460,330,159
1806,385,268435461,385,159
1806,387,268435462,387,159
1806,391,268435463,391,159
1806,390,536870912,390,159
1806,386,536870913,386,159
1806,384,536870914,384,159
1806,329,536870915,329,159
1806,288,536870916,288,159
1806,217,536870917,217,159
1806,49,536870918,49,159
1806,3,536870919,3,159
1806,4,268435456,4,160
1806,50,268435457,50,160
1806,217,268435458,217,160
1806,290,268435459,290,160
1806,334,268435460,334,160
1806,385,268435461,385,160
1806,386,268435462,386,160
1806,392,268435463,392,160
1806,391,536870912,391,160
1806,385,536870913,385,160
1806,384,536870914,384,160
1806,333,536870915,333,160
1806,289,536870916,289,160
1806,216,536870917,216,160
1806,49,536870918,49,160
1806,3,536870919,3,160
1806,4,268435456,4,161
1806,50,268435457,50,161
1806,216,268435458,216,161
1806,290,268435459,290,161
1806,338,268435460,338,161
1806,392,268435461,392,161
1806,391,536870912,391,161
1806,337,536870913,337,161
1806,289,536870914,289,161
1806,215,536870915,215,161
1806,49,536870916,49,161
1806,3,536870917,3,161
1806,4,268435456,4,162
1806,50,268435457,50,162
1806,216,268435458,216,162
1806,290,268435459,290,162
1806,342,268435460,342,162
1806,392,268435461,392,162
1806,391,536870912,391,162
1806,341,536870913,341,162
1806,289,536870914,289,162
1806,215,536870915,215,162
1806,49,536870916,49,162
1806,3,536870917,3,162
1806,4,268435456,4,163
1806,50,268435457,50,163
1806,216,268435458,216,163
1806,290,268435459,290,163
1806,345,268435460,345,163
1806,393,268435461,393,163
1806,392,536870912,392,163
1806,344,536870913,344,163
1806,289,536870914,289,163
1806,215,536870915,215,163
1806,49,536870916,49,163
1806,3,536870917,3,163
1806,4,268435456,4,164
1806,50,268435457,50,164
1806,215,268435458,215,164
1806,290,268435459,290,164
1806,349,268435460,349,164
1806,397,268435461,397,164
1806,396,536870912,396,164
1806,348,536870913,348,164
1806,289,536870914,289,164
1806,214,536870915,214,164
1806,49,536870916,49,164
1806,3,536870917,3,164
1806,4,268435456,4,165
1806,50,268435457,50,165
1806,215,268435458,215,165
1806,291,268435459,291,165
1806,353,268435460,353,165
1806,401,268435461,401,165
1806,400,536870912,400,165
1806,352,536870913,352,165
1806,290,536870914,290,165
1806,214,536870915,214,165
1806,49,536870916,49,165
1806,3,536870917,3,165
1806,4,268435456,4,166
1806,50,268435457,50,166
1806,215,268435458,215,166
1806,291,268435459,291,166
1806,355,268435460,355,166
1806,406,268435461,406,166
1806,405,536870912,405,166
1806,354,536870913,354,166
1806,290,536870914,290,166
1806,214,536870915,214,166
1806,49,536870916,49,166
1806,3,536870917,3,166
1806,4,268435456,4,167
1806,49,268435457,49,167
1806,215,268435458,215,167
1806,291,268435459,291,167
1806,355,268435460,355,167
1806,409,268435461,409,167
1806,408,536870912,408,167
1806,354,536870913,354,167
1806,290,536870914,290,167
1806,214,536870915,214,167
1806,48,536870916,48,167
1806,3,536870917,3,167
1806,4,268435456,4,168
1806,49,268435457,49,168
1806,216,268435458,216,168
1806,293,268435459,293,168
1806,355,268435460,355,168
1806,414,268435461,414,168
1806,413,536870912,413,168
1806,354,536870913,354,168
1806,292,536870914,292,168
1806,215,536870915,215,168
1806,48,536870916,48,168
1806,3,536870917,3,168
1806,4,268435456,4,169
1806,49,268435457,49,169
1806,216,268435458,216,169
1806,293,268435459,293,169
1806,355,268435460,355,169
1806,419,268435461,419,169
1806,418,536870912,418,169
1806,354,536870913,354,169
1806,292,536870914,292,169
1806,215,536870915,215,169
1806,48,536870916,48,169
1806,3,536870917,3,169
1806,4,268435456,4,170
1806,49,268435457,49,170
1806,216,268435458,216,170
1806,294,268435459,294,170
1806,355,268435460,355,170
1806,423,268435461,423,170
1806,422,536870912,422,170
1806,354,536870913,354,170
1806,293,536870914,293,170
1806,215,536870915,215,170
1806,48,536870916,48,170
1806,3,536870917,3,170
1806,4,268435456,4,171
1806,49,268435457,49,171
1806,217,268435458,217,171
1806,294,268435459,294,171
1806,355,268435460,355,171
1806,427,268435461,427,171
1806,426,536870912,426,171
1806,354,536870913,354,171
1806,293,536870914,293,171
1806,216,536870915,216,171
1806,48,536870916,48,171
1806,3,536870917,3,171
1806,4,268435456,4,172
1806,49,268435457,49,172
1806,217,268435458,217,172
1806,295,268435459,295,172
1806,356,268435460,356,172
1806,432,268435461,432,172
1806,431,536870912,431,172
1806,355,536870913,355,172
1806,294,536870914,294,172
1806,216,536870915,216,172
1806,48,536870916,48,172
1806,3,536870917,3,172
1806,4,268435456,4,173
1806,49,268435457,49,173
1806,217,268435458,217,173
1806,296,268435459,296,173
1806,356,268435460,356,173
1806,437,268435461,437,173
1806,436,536870912,436,173
1806,355,536870913,355,173
1806,295,536870914,295,173
1806,216,536870915,216,173
1806,48,536870916,48,173
1806,3,536870917,3,173
1806,4,268435456,4,174
1806,49,268435457,49,174
1806,216,268435458,216,174
1806,296,268435459,296,174
1806,356,268435460,356,174
1806,441,268435461,441,174
1806,440,536870912,440,174
1806,355,536870913,355,174
1806,295,536870914,295,174
1806,215,536870915,215,174
1806,48,536870916,48,174
1806,3,536870917,3,174
1806,4,268435456,4,175
1806,48,268435457,48,175
1806,215,268435458,215,175
1806,297,268435459,297,175
1806,356,268435460,356,175
1806,390,268435461,390,175
1806,391,268435462,391,175
1806,446,268435463,446,175
1806,445,536870912,445,175
1806,390,536870913,390,175
1806,389,536870914,389,175
1806,355,536870915,355,175
1806,296,536870916,296,175
1806,214,536870917,214,175
1806,47,536870918,47,175
1806,3,536870919,3,175
1806,4,268435456,4,176
1806,48,268435457,48,176
1806,215,268435458,215,176
1806,297,268435459,297,176
1806,356,268435460,356,176
1806,389,268435461,389,176
1806,394,268435462,394,176
1806,452,268435463,452,176
1806,451,536870912,451,176
1806,393,536870913,393,176
1806,388,536870914,388,176
1806,355,536870915,355,176
1806,296,536870916,296,176
1806,214,536870917,214,176
1806,47,536870918,47,176
1806,3,536870919,3,176
1806,4,268435456,4,177
1806,48,268435457,48,177
1806,214,268435458,214,177
1806,297,268435459,297,177
1806,356,268435460,356,177
1806,388,268435461,388,177
1806,397,268435462,397,177
1806,456,268435463,456,177
1806,455,536870912,455,177
1806,396,536870913,396,177
1806,387,536870914,387,177
1806,355,536870915,355,177
1806,296,536870916,296,177
1806,213,536870917,213,177
1806,47,536870918,47,177
1806,3,536870919,3,177
1806,4,268435456,4,178
1806,48,268435457,48,178
1806,213,268435458,213,178
1806,298,268435459,298,178
1806,355,268435460,355,178
1806,388,268435461,388,178
1806,401,268435462,401,178
1806,461,268435463,461,178
1806,460,536870912,460,178
1806,400,536870913,400,178
1806,387,536870914,387,178
1806,354,536870915,354,178
1806,297,536870916,297,178
1806,212,536870917,212,178
1806,47,536870918,47,178
1806,3,536870919,3,178
1806,4,268435456,4,179
1806,48,268435457,48,179
1806,213,268435458,213,179
1806,298,268435459,298,179
1806,354,268435460,354,179
1806,387,268435461,387,179
1806,404,268435462,404,179
1806,466,268435463,466,179
1806,465,536870912,465,179
1806,403,536870913,403,179
1806,386,536870914,386,179
1806,353,536870915,353,179
1806,297,536870916,297,179
1806,212,536870917,212,179
1806,47,536870918,47,179
1806,3,536870919,3,179
1806,4,268435456,4,180
1806,48,268435457,48,180
1806,212,268435458,212,180
1806,298,268435459,298,180
1806,351,268435460,351,180
1806,386,268435461,386,180
1806,408,268435462,408,180
1806,471,268435463,471,180
1806,470,536870912,470,180
1806,407,536870913,407,180
1806,385,536870914,385,180
1806,350,536870915,350,180
1806,297,536870916,297,180
1806,211,536870917,211,180
1806,47,536870918,47,180
1806,3,536870919,3,180
1806,4,268435456,4,181
1806,48,268435457,48,181
1806,211,268435458,211,181
1806,298,268435459,298,181
1806,348,268435460,348,181
1806,386,268435461,386,181
1806,411,268435462,411,181
1806,476,268435463,476,181
1806,475,536870912,475,181
1806,410,536870913,410,181
1806,385,536870914,385,181
1806,347,536870915,347,181
1806,297,536870916,297,181
1806,210,536870917,210,181
1806,47,536870918,47,181
1806,3,536870919,3,181
1806,4,268435456,4,182
1806,48,268435457,48,182
1806,211,268435458,211,182
1806,298,268435459,298,182
1806,343,268435460,343,182
1806,385,268435461,385,182
1806,415,268435462,415,182
1806,414,536870912,414,182
1806,384,536870913,384,182
1806,342,536870914,342,182
1806,297,536870915,297,182
1806,210,536870916,210,182
1806,47,536870917,47,182
1806,3,536870918,3,182
1806,4,268435456,4,183
1806,48,268435457,48,183
1806,210,268435458,210,183
1806,298,268435459,298,183
1806,339,268435460,339,183
1806,384,268435461,384,183
1806,418,268435462,418,183
1806,417,536870912,417,183
1806,383,536870913,383,183
1806,338,536870914,338,183
1806,297,536870915,297,183
1806,209,536870916,209,183
1806,47,536870917,47,183
1806,3,536870918,3,183
1806,4,268435456,4,184
1806,48,268435457,48,184
1806,209,268435458,209,184
1806,299,268435459,299,184
1806,335,268435460,335,184
1806,384,268435461,384,184
1806,422,268435462,422,184
1806,421,536870912,421,184
1806,383,536870913,383,184
1806,334,536870914,334,184
1806,298,536870915,298,184
1806,208,536870916,208,184
1806,47,536870917,47,184
1806,3,536870918,3,184
1806,4,268435456,4,185
1806,47,268435457,47,185
1806,209,268435458,209,185
1806,299,268435459,299,185
1806,331,268435460,331,185
1806,383,268435461,383,185
1806,425,268435462,425,185
1806,424,536870912,424,185
1806,382,536870913,382,185
1806,330,536870914,330,185
1806,298,536870915,298,185
1806,208,536870916,208,185
1806,46,536870917,46,185
1806,3,536870918,3,185
1806,4,268435456,4,186
1806,47,268435457,47,186
1806,208,268435458,208,186
1806,299,268435459,299,186
1806,327,268435460,327,186
1806,382,268435461,382,186
1806,429,268435462,429,186
1806,428,536870912,428,186
1806,381,536870913,381,186
1806,326,536870914,326,186
1806,298,536870915,298,186
1806,207,536870916,207,186
1806,46,536870917,46,186
1806,3,536870918,3,186
1806,4,268435456,4,187
1806,47,268435457,47,187
1806,208,268435458,208,187
1806,299,268435459,299,187
1806,323,268435460,323,187
1806,381,268435461,381,187
1806,432,268435462,432,187
1806,431,536870912,431,187
1806,380,536870913,380,187
1806,322,536870914,322,187
1806,298,536870915,298,187
1806,207,536870916,207,187
1806,46,536870917,46,187
1806,3,536870918,3,187
1806,4,268435456,4,188
1806,47,268435457,47,188
1806,207,268435458,207,188
1806,300,268435459,300,188
1806,319,268435460,319,188
1806,380,268435461,380,188
1806,435,268435462,435,188
1806,434,536870912,434,188
1806,379,536870913,379,188
1806,318,536870914,318,188
1806,299,536870915,299,188
1806,206,536870916,206,188
1806,46,536870917,46,188
1806,3,536870918,3,188
1806,4,268435456,4,189
1806,47,268435457,47,189
1806,207,268435458,207,189
1806,300,268435459,300,189
1806,315,268435460,315,189
1806,379,268435461,379,189
1806,439,268435462,439,189
1806,438,536870912,438,189
1806,378,536870913,378,189
1806,314,536870914,314,189
1806,299,536870915,299,189
1806,206,536870916,206,189
1806,46,536870917,46,189
1806,3,536870918,3,189
1806,4,268435456,4,190
1806,47,268435457,47,190
1806,206,268435458,206,190
1806,301,268435459,301,190
1806,311,268435460,311,190
1806,378,268435461,378,190
1806,442,268435462,442,190
1806,441,536870912,441,190
1806,377,536870913,377,190
1806,310,536870914,310,190
1806,300,536870915,300,190
1806,205,536870916,205,190
1806,46,536870917,46,190
1806,3,536870918,3,190
1806,4,268435456,4,191
1806,47,268435457,47,191
1806,205,268435458,205,191
1806,301,268435459,301,191
1806,307,268435460,307,191
1806,377,268435461,377,191
1806,446,268435462,446,191
1806,445,536870912,445,191
1806,376,536870913,376,191
1806,306,536870914,306,191
1806,300,536870915,300,191
1806,204,536870916,204,191
1806,46,536870917,46,191
1806,3,536870918,3,191
1806,4,268435456,4,192
1806,47,268435457,47,192
1806,205,268435458,205,192
1806,302,268435459,302,192
1806,305,268435460,305,192
1806,375,268435461,375,192
1806,449,268435462,449,192
1806,448,536870912,448,192
1806,374,536870913,374,192
1806,304,536870914,304,192
1806,301,536870915,301,192
1806,204,536870916,204,192
1806,46,536870917,46,192
1806,3,536870918,3,192
1806,4,268435456,4,193
1806,47,268435457,47,193
1806,205,268435458,205,193
1806,374,268435459,374,193
1806,452,268435460,452,193
1806,451,536870912,451,193
1806,373,536870913,373,193
1806,204,536870914,204,193
1806,46,536870915,46,193
1806,3,536870916,3,193
1806,4,268435456,4,194
1806,47,268435457,47,194
1806,204,268435458,204,194
1806,372,268435459,372,194
1806,455,268435460,455,194
1806,454,536870912,454,194
1806,371,536870913,371,194
1806,203,536870914,203,194
1806,46,536870915,46,194
1806,3,536870916,3,194
1806,4,268435456,4,195
1806,47,268435457,47,195
1806,204,268435458,204,195
1806,371,268435459,371,195
1806,458,268435460,458,195
1806,457,536870912,457,195
1806,370,536870913,370,195
1806,203,536870914,203,195
1806,46,536870915,46,195
1806,3,536870916,3,195
1806,4,268435456,4,196
1806,47,268435457,47,196
1806,203,268435458,203,196
1806,227,268435459,227,196
1806,229,268435460,229,196
1806,369,268435461,369,196
1806,462,268435462,462,196
1806,461,536870912,461,196
1806,368,536870913,368,196
1806,228,536870914,228,196
1806,226,536870915,226,196
1806,202,536870916,202,196
1806,46,536870917,46,196
1806,3,536870918,3,196
1806,4,268435456,4,197
1806,47,268435457,47,197
1806,203,268435458,203,197
1806,226,268435459,226,197
1806,229,268435460,229,197
1806,368,268435461,368,197
1806,465,268435462,465,197
1806,464,536870912,464,197
1806,367,536870913,367,197
1806,228,536870914,228,197
1806,225,536870915,225,197
1806,202,536870916,202,197
1806,46,536870917,46,197
1806,3,536870918,3,197
1806,4,268435456,4,198
1806,47,268435457,47,198
1806,203,268435458,203,198
1806,225,268435459,225,198
1806,229,268435460,229,198
1806,366,268435461,366,198
1806,468,268435462,468,198
1806,467,536870912,467,198
1806,365,536870913,365,198
1806,228,536870914,228,198
1806,224,536870915,224,198
1806,202,536870916,202,198
1806,46,536870917,46,198
1806,3,536870918,3,198
1806,4,268435456,4,199
1806,47,268435457,47,199
1806,203,268435458,203,199
1806,224,268435459,224,199
1806,229,268435460,229,199
1806,364,268435461,364,199
1806,471,268435462,471,199
1806,470,536870912,470,199
1806,363,536870913,363,199
1806,228,536870914,228,199
1806,223,536870915,223,199
1806,202,536870916,202,199
1806,46,536870917,46,199
1806,3,536870918,3,199
1806,4,268435456,4,200
1806,47,268435457,47,200
1806,203,268435458,203,200
1806,223,268435459,223,200
1806,229,268435460,229,200
1806,361,268435461,361,200
1806,474,268435462,474,200
1806,473,536870912,473,200
1806,360,536870913,360,200
1806,228,536870914,228,200
1806,222,536870915,222,200
1806,202,536870916,202,200
1806,46,536870917,46,200
1806,3,536870918,3,200
1806,4,268435456,4,201
1806,47,268435457,47,201
1806,202,268435458,202,201
1806,223,268435459,223,201
1806,229,268435460,229,201
1806,358,268435461,358,201
1806,477,268435462,477,201
1806,476,536870912,476,201
1806,357,536870913,357,201
1806,228,536870914,228,201
1806,222,536870915,222,201
1806,201,536870916,201,201
1806,46,536870917,46,201
1806,3,536870918,3,201
1806,4,268435456,4,202
1806,47,268435457,47,202
1806,202,268435458,202,202
1806,223,268435459,223,202
1806,230,268435460,230,202
1806,355,268435461,355,202
1806,354,536870912,354,202
1806,229,536870913,229,202
1806,222,536870914,222,202
1806,201,536870915,201,202
1806,46,536870916,46,202
1806,3,536870917,3,202
1806,4,268435456,4,203
1806,47,268435457,47,203
1806,202,268435458,202,203
1806,224,268435459,224,203
1806,230,268435460,230,203
1806,352,268435461,352,203
1806,351,536870912,351,203
1806,229,536870913,229,203
1806,223,536870914,223,203
1806,201,536870915,201,203
1806,46,536870916,46,203
1806,3,536870917,3,203
1806,5,268435456,5,204
1806,47,268435457,47,204
1806,202,268435458,202,204
1806,225,268435459,225,204
1806,230,268435460,230,204
1806,350,268435461,350,204
1806,349,536870912,349,204
1806,229,536870913,229,204
1806,224,536870914,224,204
1806,201,536870915,201,204
1806,46,536870916,46,204
1806,4,536870917,4,204
1806,5,268435456,5,205
1806,47,268435457,47,205
1806,202,268435458,202,205
1806,226,268435459,226,205
1806,229,268435460,229,205
1806,347,268435461,347,205
1806,346,536870912,346,205
1806,228,536870913,228,205
1806,225,536870914,225,205
1806,201,536870915,201,205
1806,46,536870916,46,205
1806,4,536870917,4,205
1806,5,268435456,5,206
1806,47,268435457,47,206
1806,203,268435458,203,206
1806,227,268435459,227,206
1806,229,268435460,229,206
1806,344,268435461,344,206
1806,343,536870912,343,206
1806,228,536870913,228,206
1806,226,536870914,226,206
1806,202,536870915,202,206
1806,46,536870916,46,206
1806,4,536870917,4,206
1806,5,268435456,5,207
1806,47,268435457,47,207
1806,203,268435458,203,207
1806,228,268435459,228,207
1806,229,268435460,229,207
1806,342,268435461,342,207
1806,341,536870912,341,207
1806,228,536870913,228,207
1806,227,536870914,227,207
1806,202,536870915,202,207
1806,46,536870916,46,207
1806,4,536870917,4,207
1806,5,268435456,5,208
1806,47,268435457,47,208
1806,203,268435458,203,208
1806,339,268435459,339,208
1806,338,536870912,338,208
1806,202,536870913,202,208
1806,46,536870914,46,208
1806,4,536870915,4,208
1806,5,268435456,5,209
1806,47,268435457,47,209
1806,203,268435458,203,209
1806,336,268435459,336,209
1806,335,536870912,335,209
1806,202,536870913,202,209
1806,46,536870914,46,209
1806,4,536870915,4,209
1806,5,268435456,5,210
1806,47,268435457,47,210
1806,204,268435458,204,210
1806,333,268435459,333,210
1806,332,536870912,332,210
1806,203,536870913,203,210
1806,46,536870914,46,210
1806,4,536870915,4,210
1806,5,268435456,5,211
1806,47,268435457,47,211
1806,204,268435458,204,211
1806,330,268435459,330,211
1806,329,536870912,329,211
1806,203,536870913,203,211
1806,46,536870914,46,211
1806,4,536870915,4,211
1806,5,268435456,5,212
1806,47,268435457,47,212
1806,205,268435458,205,212
1806,288,268435459,288,212
1806,289,268435460,289,212
1806,327,268435461,327,212
1806,326,536870912,326,212
1806,288,536870913,288,212
1806,287,536870914,287,212
1806,204,536870915,204,212
1806,46,536870916,46,212
1806,4,536870917,4,212
1806,5,268435456,5,213
1806,47,268435457,47,213
1806,206,268435458,206,213
1806,288,268435459,288,213
1806,291,268435460,291,213
1806,324,268435461,324,213
1806,323,536870912,323,213
1806,290,536870913,290,213
1806,287,536870914,287,213
1806,205,536870915,205,213
1806,46,536870916,46,213
1806,4,536870917,4,213
1806,6,268435456,6,214
1806,47,268435457,47,214
1806,207,268435458,207,214
1806,288,268435459,288,214
1806,292,268435460,292,214
1806,321,268435461,321,214
1806,320,536870912,320,214
1806,291,536870913,291,214
1806,287,536870914,287,214
1806,206,536870915,206,214
1806,46,536870916,46,214
1806,5,536870917,5,214
1806,6,268435456,6,215
1806,47,268435457,47,215
1806,208,268435458,208,215
1806,289,268435459,289,215
1806,294,268435460,294,215
1806,317,268435461,317,215
1806,316,536870912,316,215
1806,293,536870913,293,215
1806,288,536870914,288,215
1806,207,536870915,207,215
1806,46,536870916,46,215
1806,5,536870917,5,215
1806,6,268435456,6,216
1806,47,268435457,47,216
1806,209,268435458,209,216
1806,289,268435459,289,216
1806,296,268435460,296,216
1806,314,268435461,314,216
1806,313,536870912,313,216
1806,295,536870913,295,216
1806,288,536870914,288,216
1806,208,536870915,208,216
1806,46,536870916,46,216
1806,5,536870917,5,216
1806,6,268435456,6,217
1806,47,268435457,47,217
1806,210,268435458,210,217
1806,289,268435459,289,217
1806,299,268435460,299,217
1806,310,268435461,310,217
1806,309,536870912,309,217
1806,298,536870913,298,217
1806,288,536870914,288,217
1806,209,536870915,209,217
1806,46,536870916,46,217
1806,5,536870917,5,217
1806,6,268435456,6,218
1806,48,268435457,48,218
1806,211,268435458,211,218
1806,289,268435459,289,218
1806,288,536870912,288,218
1806,210,536870913,210,218
1806,47,536870914,47,218
1806,5,536870915,5,218
1806,6,268435456,6,219
1806,48,268435457,48,219
1806,212,268435458,212,219
1806,289,268435459,289,219
1806,288,536870912,288,219
1806,211,536870913,211,219
1806,47,536870914,47,219
1806,5,536870915,5,219
1806,7,268435456,7,220
1806,48,268435457,48,220
1806,213,268435458,213,220
1806,289,268435459,289,220
1806,288,536870912,288,220
1806,212,536870913,212,220
1806,47,536870914,47,220
1806,6,536870915,6,220
1806,7,268435456,7,221
1806,48,268435457,48,221
1806,214,268435458,214,221
1806,289,268435459,289,221
1806,288,536870912,288,221
1806,213,536870913,213,221
1806,47,536870914,47,221
1806,6,536870915,6,221
1806,7,268435456,7,222
1806,48,268435457,48,222
1806,215,268435458,215,222
1806,288,268435459,288,222
1806,287,536870912,287,222
1806,214,536870913,214,222
1806,47,536870914,47,222
1806,6,536870915,6,222
1806,7,268435456,7,223
1806,48,268435457,48,223
1806,216,268435458,216,223
1806,288,268435459,288,223
1806,287,536870912,287,223
1806,215,536870913,215,223
1806,47,536870914,47,223
1806,6,536870915,6,223
1806,7,268435456,7,224
1806,48,268435457,48,224
1806,218,268435458,218,224
1806,287,268435459,287,224
1806,286,536870912,286,224
1806,217,536870913,217,224
1806,47,536870914,47,224
1806,6,536870915,6,224
1806,7,268435456,7,225
1806,49,268435457,49,225
1806,219,268435458,219,225
1806,287,268435459,287,225
1806,286,536870912,286,225
1806,218,536870913,218,225
1806,48,536870914,48,225
1806,6,536870915,6,225
1806,8,268435456,8,226
1806,49,268435457,49,226
1806,220,268435458,220,226
1806,287,268435459,287,226
1806,286,536870912,286,226
1806,219,536870913,219,226
1806,48,536870914,48,226
1806,7,536870915,7,226
1806,8,268435456,8,227
1806,49,268435457,49,227
1806,222,268435458,222,227
1806,287,268435459,287,227
1806,286,536870912,286,227
1806,221,536870913,221,227
1806,48,536870914,48,227
1806,7,536870915,7,227
1806,8,268435456,8,228
1806,49,268435457,49,228
1806,223,268435458,223,228
1806,287,268435459,287,228
1806,286,536870912,286,228
1806,222,536870913,222,228
1806,48,536870914,48,228
1806,7,536870915,7,228
1806,8,268435456,8,229
1806,49,268435457,49,229
1806,224,268435458,224,229
1806,287,268435459,287,229
1806,286,536870912,286,229
1806,223,536870913,223,229
1806,48,536870914,48,229
1806,7,536870915,7,229
1806,8,268435456,8,230
1806,49,268435457,49,230
1806,226,268435458,226,230
1806,287,268435459,287,230
1806,286,536870912,286,230
1806,225,536870913,225,230
1806,48,536870914,48,230
1806,7,536870915,7,230
1806,9,268435456,9,231
1806,50,268435457,50,231
1806,227,268435458,227,231
1806,287,268435459,287,231
1806,286,536870912,286,231
1806,226,536870913,226,231
1806,49,536870914,49,231
1806,8,536870915,8,231
1806,9,268435456,9,232
1806,50,268435457,50,232
1806,228,268435458,228,232
1806,287,268435459,287,232
1806,286,536870912,286,232
1806,227,536870913,227,232
1806,49,536870914,49,232
1806,8,536870915,8,232
1806,9,268435456,9,233
1806,50,268435457,50,233
1806,229,268435458,229,233
1806,287,268435459,287,233
