Frame,Part of frame,Layer,X,Y
2779,245,536870912,245,352
2779,162,536870913,162,352
2779,53,536870914,53,352
2779,33,536870915,33,352
2779,35,268435456,35,353
2779,54,268435457,54,353
2779,164,268435458,164,353
2779,244,268435459,244,353
2779,243,536870912,243,353
2779,163,536870913,163,353
2779,53,536870914,53,353
2779,34,536870915,34,353
2779,35,268435456,35,354
2779,55,268435457,55,354
2779,167,268435458,167,354
2779,243,268435459,243,354
2779,242,536870912,242,354
2779,166,536870913,166,354
2779,54,536870914,54,354
2779,34,536870915,34,354
2779,35,268435456,35,355
2779,55,268435457,55,355
2779,169,268435458,169,355
2779,241,268435459,241,355
2779,240,536870912,240,355
2779,168,536870913,168,355
2779,54,536870914,54,355
2779,34,536870915,34,355
2779,35,268435456,35,356
2779,56,268435457,56,356
2779,170,268435458,170,356
2779,236,268435459,236,356
2779,235,536870912,235,356
2779,169,536870913,169,356
2779,55,536870914,55,356
2779,34,536870915,34,356
2779,35,268435456,35,357
2779,56,268435457,56,357
2779,170,268435458,170,357
2779,235,268435459,235,357
2779,234,536870912,234,357
2779,169,536870913,169,357
2779,55,536870914,55,357
2779,34,536870915,34,357
2779,35,268435456,35,358
2779,56,268435457,56,358
2779,170,268435458,170,358
2779,233,268435459,233,358
2779,232,536870912,232,358
2779,169,536870913,169,358
2779,55,536870914,55,358
2779,34,536870915,34,358
2779,35,268435456,35,359
2779,56,268435457,56,359
2779,170,268435458,170,359
2779,233,268435459,233,359
2779,232,536870912,232,359
2779,169,536870913,169,359
2779,55,536870914,55,359
2779,34,536870915,34,359
2779,0,805306368,0,42
2779,0,805306369,0,317
2779,0,1073741824,0,316
2779,0,1073741825,0,41
2779,1,805306368,1,42
2779,1,805306369,1,317
2779,1,1073741824,1,316
2779,1,1073741825,1,41
2779,2,805306368,2,42
2779,2,805306369,2,317
2779,2,1073741824,2,316
2779,2,1073741825,2,41
2779,3,805306368,3,43
2779,3,805306369,3,316
2779,3,1073741824,3,315
2779,3,1073741825,3,42
2779,4,805306368,4,43
2779,4,805306369,4,317
2779,4,1073741824,4,316
2779,4,1073741825,4,42
2779,5,805306368,5,43
2779,5,805306369,5,316
2779,5,1073741824,5,315
2779,5,1073741825,5,42
2779,6,805306368,6,43
2779,6,805306369,6,316
2779,6,1073741824,6,315
2779,6,1073741825,6,42
2779,7,805306368,7,43
2779,7,805306369,7,316
2779,7,1073741824,7,315
2779,7,1073741825,7,42
2779,8,805306368,8,44
2779,8,805306369,8,316
2779,8,1073741824,8,315
2779,8,1073741825,8,43
2779,9,805306368,9,44
2779,9,805306369,9,316
2779,9,1073741824,9,315
2779,9,1073741825,9,43
2779,10,805306368,10,44
2779,10,805306369,10,316
2779,10,1073741824,10,315
2779,10,1073741825,10,43
2779,11,805306368,11,45
2779,11,805306369,11,316
2779,11,1073741824,11,315
2779,11,1073741825,11,44
2779,12,805306368,12,45
2779,12,805306369,12,316
2779,12,1073741824,12,315
2779,12,1073741825,12,44
2779,13,805306368,13,45
2779,13,805306369,13,316
2779,13,1073741824,13,315
2779,13,1073741825,13,44
2779,14,805306368,14,45
2779,14,805306369,14,316
2779,14,1073741824,14,315
2779,14,1073741825,14,44
2779,15,805306368,15,44
2779,15,805306369,15,317
2779,15,1073741824,15,316
2779,15,1073741825,15,43
2779,16,805306368,16,44
2779,16,805306369,16,316
2779,16,1073741824,16,315
2779,16,1073741825,16,43
2779,17,805306368,17,44
2779,17,805306369,17,317
2779,17,1073741824,17,316
2779,17,1073741825,17,43
2779,18,805306368,18,45
2779,18,805306369,18,317
2779,18,1073741824,18,316
2779,18,1073741825,18,44
2779,19,805306368,19,45
2779,19,805306369,19,316
2779,19,1073741824,19,315
2779,19,1073741825,19,44
2779,20,805306368,20,45
2779,20,805306369,20,316
2779,20,1073741824,20,315
2779,20,1073741825,20,44
2779,21,805306368,21,45
2779,21,805306369,21,316
2779,21,1073741824,21,315
2779,21,1073741825,21,44
2779,22,805306368,22,45
2779,22,805306369,22,316
2779,22,1073741824,22,315
2779,22,1073741825,22,44
2779,23,805306368,23,45
2779,23,805306369,23,316
2779,23,1073741824,23,315
2779,23,1073741825,23,44
2779,24,805306368,24,45
2779,24,805306369,24,317
2779,24,1073741824,24,316
2779,24,1073741825,24,44
2779,25,805306368,25,46
2779,25,805306369,25,317
2779,25,1073741824,25,316
2779,25,1073741825,25,45
2779,26,805306368,26,46
2779,26,805306369,26,318
2779,26,1073741824,26,317
2779,26,1073741825,26,45
2779,27,805306368,27,46
2779,27,805306369,27,320
2779,27,1073741824,27,319
2779,27,1073741825,27,45
2779,28,805306368,28,47
2779,28,805306369,28,325
2779,28,1073741824,28,324
2779,28,1073741825,28,46
2779,29,805306368,29,50
2779,29,805306369,29,63
2779,29,805306370,29,67
2779,29,805306371,29,329
2779,29,1073741824,29,328
2779,29,1073741825,29,66
2779,29,1073741826,29,62
2779,29,1073741827,29,49
2779,30,805306368,30,54
2779,30,805306369,30,62
2779,30,805306370,30,67
2779,30,805306371,30,334
2779,30,1073741824,30,333
2779,30,1073741825,30,66
2779,30,1073741826,30,61
2779,30,1073741827,30,53
2779,31,805306368,31,54
2779,31,805306369,31,60
2779,31,805306370,31,68
2779,31,805306371,31,339
2779,31,1073741824,31,338
2779,31,1073741825,31,67
2779,31,1073741826,31,59
2779,31,1073741827,31,53
2779,32,805306368,32,55
2779,32,805306369,32,57
2779,32,805306370,32,68
2779,32,805306371,32,343
2779,32,1073741824,32,342
2779,32,1073741825,32,67
2779,32,1073741826,32,56
2779,32,1073741827,32,54
2779,33,805306368,33,68
2779,33,805306369,33,348
2779,33,1073741824,33,347
2779,33,1073741825,33,67
2779,34,805306368,34,67
2779,34,805306369,34,353
2779,34,1073741824,34,352
2779,34,1073741825,34,66
2779,35,805306368,35,67
2779,35,1073741824,35,66
2779,36,805306368,36,67
2779,36,1073741824,36,66
2779,37,805306368,37,67
2779,37,1073741824,37,66
2779,38,805306368,38,68
2779,38,1073741824,38,67
2779,39,805306368,39,67
2779,39,1073741824,39,66
2779,40,805306368,40,67
2779,40,1073741824,40,66
2779,41,805306368,41,67
2779,41,1073741824,41,66
2779,42,805306368,42,67
2779,42,1073741824,42,66
2779,43,805306368,43,68
2779,43,1073741824,43,67
2779,44,805306368,44,68
2779,44,1073741824,44,67
2779,45,805306368,45,67
2779,45,1073741824,45,66
2779,46,805306368,46,67
2779,46,1073741824,46,66
2779,47,805306368,47,67
2779,47,805306369,47,141
2779,47,805306370,47,143
2779,47,1073741824,47,142
2779,47,1073741825,47,140
2779,47,1073741826,47,66
2779,48,805306368,48,68
2779,48,805306369,48,141
2779,48,805306370,48,145
2779,48,1073741824,48,144
2779,48,1073741825,48,140
2779,48,1073741826,48,67
2779,49,805306368,49,68
2779,49,805306369,49,141
2779,49,805306370,49,148
2779,49,1073741824,49,147
2779,49,1073741825,49,140
2779,49,1073741826,49,67
2779,50,805306368,50,69
2779,50,805306369,50,141
2779,50,805306370,50,150
2779,50,805306371,50,185
2779,50,805306372,50,192
2779,50,1073741824,50,191
2779,50,1073741825,50,184
2779,50,1073741826,50,149
2779,50,1073741827,50,140
2779,50,1073741828,50,68
2779,51,805306368,51,73
2779,51,805306369,51,140
2779,51,805306370,51,158
2779,51,805306371,51,184
2779,51,805306372,51,193
2779,51,1073741824,51,192
2779,51,1073741825,51,183
2779,51,1073741826,51,157
2779,51,1073741827,51,139
2779,51,1073741828,51,72
2779,52,805306368,52,74
2779,52,805306369,52,140
2779,52,805306370,52,164
2779,52,805306371,52,182
2779,52,805306372,52,194
2779,52,805306373,52,315
2779,52,805306374,52,316
2779,52,1073741824,52,315
2779,52,1073741825,52,314
2779,52,1073741826,52,193
2779,52,1073741827,52,181
2779,52,1073741828,52,163
2779,52,1073741829,52,139
2779,52,1073741830,52,73
2779,53,805306368,53,69
2779,53,805306369,53,72
2779,53,805306370,53,73
2779,53,805306371,53,140
2779,53,805306372,53,174
2779,53,805306373,53,181
2779,53,805306374,53,195
2779,53,805306375,53,314
2779,53,805306376,53,318
2779,53,1073741824,53,317
2779,53,1073741825,53,313
2779,53,1073741826,53,194
2779,53,1073741827,53,180
2779,53,1073741828,53,173
2779,53,1073741829,53,139
2779,53,1073741830,53,72
2779,53,1073741831,53,71
2779,53,1073741832,53,68
2779,54,805306368,54,66
2779,54,805306369,54,139
2779,54,805306370,54,197
2779,54,805306371,54,314
2779,54,805306372,54,326
2779,54,805306373,54,342
2779,54,805306374,54,351
2779,54,805306375,54,352
2779,54,805306376,54,354
2779,54,1073741824,54,353
2779,54,1073741825,54,351
2779,54,1073741826,54,350
2779,54,1073741827,54,341
2779,54,1073741828,54,325
2779,54,1073741829,54,313
2779,54,1073741830,54,196
2779,54,1073741831,54,138
2779,54,1073741832,54,65
2779,55,805306368,55,63
2779,55,805306369,55,139
2779,55,805306370,55,199
2779,55,805306371,55,312
2779,55,805306372,55,356
2779,55,1073741824,55,355
2779,55,1073741825,55,311
2779,55,1073741826,55,198
2779,55,1073741827,55,138
2779,55,1073741828,55,62
2779,56,805306368,56,61
2779,56,805306369,56,139
2779,56,805306370,56,200
2779,56,805306371,56,311
2779,56,1073741824,56,310
2779,56,1073741825,56,199
2779,56,1073741826,56,138
2779,56,1073741827,56,60
2779,57,805306368,57,60
2779,57,805306369,57,138
2779,57,805306370,57,202
2779,57,805306371,57,311
2779,57,1073741824,57,310
2779,57,1073741825,57,201
2779,57,1073741826,57,137
2779,57,1073741827,57,59
2779,58,805306368,58,59
2779,58,805306369,58,138
2779,58,805306370,58,204
2779,58,805306371,58,311
2779,58,1073741824,58,310
2779,58,1073741825,58,203
2779,58,1073741826,58,137
2779,58,1073741827,58,58
2779,59,805306368,59,58
2779,59,805306369,59,138
2779,59,805306370,59,206
2779,59,805306371,59,311
2779,59,1073741824,59,310
2779,59,1073741825,59,205
2779,59,1073741826,59,137
2779,59,1073741827,59,57
2779,60,805306368,60,57
2779,60,805306369,60,138
2779,60,805306370,60,208
2779,60,805306371,60,311
2779,60,1073741824,60,310
2779,60,1073741825,60,207
2779,60,1073741826,60,137
2779,60,1073741827,60,56
2779,61,805306368,61,56
2779,61,805306369,61,138
2779,61,805306370,61,210
2779,61,805306371,61,310
2779,61,1073741824,61,309
2779,61,1073741825,61,209
2779,61,1073741826,61,137
2779,61,1073741827,61,55
2779,62,805306368,62,56
2779,62,805306369,62,138
2779,62,805306370,62,212
2779,62,805306371,62,310
2779,62,1073741824,62,309
2779,62,1073741825,62,211
2779,62,1073741826,62,137
2779,62,1073741827,62,55
2779,63,805306368,63,55
2779,63,805306369,63,139
2779,63,805306370,63,215
2779,63,805306371,63,310
2779,63,1073741824,63,309
2779,63,1073741825,63,214
2779,63,1073741826,63,138
2779,63,1073741827,63,54
2779,64,805306368,64,55
2779,64,805306369,64,139
2779,64,805306370,64,217
2779,64,805306371,64,310
2779,64,1073741824,64,309
2779,64,1073741825,64,216
2779,64,1073741826,64,138
2779,64,1073741827,64,54
2779,65,805306368,65,55
2779,65,805306369,65,94
2779,65,805306370,65,96
2779,65,805306371,65,139
2779,65,805306372,65,219
2779,65,805306373,65,310
2779,65,1073741824,65,309
2779,65,1073741825,65,218
2779,65,1073741826,65,138
2779,65,1073741827,65,95
2779,65,1073741828,65,93
2779,65,1073741829,65,54
2779,66,805306368,66,54
2779,66,805306369,66,92
2779,66,805306370,66,98
2779,66,805306371,66,139
2779,66,805306372,66,221
2779,66,805306373,66,309
2779,66,1073741824,66,308
2779,66,1073741825,66,220
2779,66,1073741826,66,138
2779,66,1073741827,66,97
2779,66,1073741828,66,91
2779,66,1073741829,66,53
2779,67,805306368,67,54
2779,67,805306369,67,92
2779,67,805306370,67,98
2779,67,805306371,67,139
2779,67,805306372,67,223
2779,67,805306373,67,307
2779,67,1073741824,67,306
2779,67,1073741825,67,222
2779,67,1073741826,67,138
2779,67,1073741827,67,97
2779,67,1073741828,67,91
2779,67,1073741829,67,53
2779,68,805306368,68,55
2779,68,805306369,68,92
2779,68,805306370,68,99
2779,68,805306371,68,139
2779,68,805306372,68,224
2779,68,805306373,68,307
2779,68,1073741824,68,306
2779,68,1073741825,68,223
2779,68,1073741826,68,138
2779,68,1073741827,68,98
2779,68,1073741828,68,91
2779,68,1073741829,68,54
2779,69,805306368,69,55
2779,69,805306369,69,92
2779,69,805306370,69,101
2779,69,805306371,69,139
2779,69,805306372,69,226
2779,69,805306373,69,307
2779,69,1073741824,69,306
2779,69,1073741825,69,225
2779,69,1073741826,69,138
2779,69,1073741827,69,100
2779,69,1073741828,69,91
2779,69,1073741829,69,54
2779,70,805306368,70,55
2779,70,805306369,70,93
2779,70,805306370,70,103
2779,70,805306371,70,139
2779,70,805306372,70,228
2779,70,805306373,70,307
2779,70,1073741824,70,306
2779,70,1073741825,70,227
2779,70,1073741826,70,138
2779,70,1073741827,70,102
2779,70,1073741828,70,92
2779,70,1073741829,70,54
2779,71,805306368,71,55
2779,71,805306369,71,93
2779,71,805306370,71,105
2779,71,805306371,71,140
2779,71,805306372,71,230
2779,71,805306373,71,307
2779,71,1073741824,71,306
2779,71,1073741825,71,229
2779,71,1073741826,71,139
2779,71,1073741827,71,104
2779,71,1073741828,71,92
2779,71,1073741829,71,54
2779,72,805306368,72,55
2779,72,805306369,72,93
2779,72,805306370,72,107
2779,72,805306371,72,140
2779,72,805306372,72,232
2779,72,805306373,72,307
2779,72,1073741824,72,306
2779,72,1073741825,72,231
2779,72,1073741826,72,139
2779,72,1073741827,72,106
2779,72,1073741828,72,92
2779,72,1073741829,72,54
2779,73,805306368,73,55
2779,73,805306369,73,93
2779,73,805306370,73,108
2779,73,805306371,73,139
2779,73,805306372,73,234
2779,73,805306373,73,306
2779,73,1073741824,73,305
2779,73,1073741825,73,233
2779,73,1073741826,73,138
2779,73,1073741827,73,107
2779,73,1073741828,73,92
2779,73,1073741829,73,54
2779,74,805306368,74,54
2779,74,805306369,74,93
2779,74,805306370,74,109
2779,74,805306371,74,139
2779,74,805306372,74,235
2779,74,805306373,74,306
2779,74,1073741824,74,305
2779,74,1073741825,74,234
2779,74,1073741826,74,138
2779,74,1073741827,74,108
2779,74,1073741828,74,92
2779,74,1073741829,74,53
2779,75,805306368,75,54
2779,75,805306369,75,92
2779,75,805306370,75,110
2779,75,805306371,75,139
2779,75,805306372,75,237
2779,75,805306373,75,305
2779,75,1073741824,75,304
2779,75,1073741825,75,236
2779,75,1073741826,75,138
2779,75,1073741827,75,109
2779,75,1073741828,75,91
2779,75,1073741829,75,53
2779,76,805306368,76,54
2779,76,805306369,76,92
2779,76,805306370,76,112
2779,76,805306371,76,139
2779,76,805306372,76,238
2779,76,805306373,76,305
2779,76,1073741824,76,304
2779,76,1073741825,76,237
2779,76,1073741826,76,138
2779,76,1073741827,76,111
2779,76,1073741828,76,91
2779,76,1073741829,76,53
2779,77,805306368,77,55
2779,77,805306369,77,92
2779,77,805306370,77,113
2779,77,805306371,77,139
2779,77,805306372,77,240
2779,77,805306373,77,304
2779,77,1073741824,77,303
2779,77,1073741825,77,239
2779,77,1073741826,77,138
2779,77,1073741827,77,112
2779,77,1073741828,77,91
2779,77,1073741829,77,54
2779,78,805306368,78,55
2779,78,805306369,78,92
2779,78,805306370,78,114
2779,78,805306371,78,138
2779,78,805306372,78,242
2779,78,805306373,78,304
2779,78,1073741824,78,303
2779,78,1073741825,78,241
2779,78,1073741826,78,137
2779,78,1073741827,78,113
2779,78,1073741828,78,91
2779,78,1073741829,78,54
2779,79,805306368,79,56
2779,79,805306369,79,91
2779,79,805306370,79,116
2779,79,805306371,79,138
2779,79,805306372,79,243
2779,79,805306373,79,303
2779,79,1073741824,79,302
2779,79,1073741825,79,242
2779,79,1073741826,79,137
2779,79,1073741827,79,115
2779,79,1073741828,79,90
2779,79,1073741829,79,55
2779,80,805306368,80,57
2779,80,805306369,80,91
2779,80,805306370,80,117
2779,80,805306371,80,137
2779,80,805306372,80,244
2779,80,805306373,80,302
2779,80,1073741824,80,301
2779,80,1073741825,80,243
2779,80,1073741826,80,136
2779,80,1073741827,80,116
2779,80,1073741828,80,90
2779,80,1073741829,80,56
2779,81,805306368,81,57
2779,81,805306369,81,91
2779,81,805306370,81,118
2779,81,805306371,81,137
2779,81,805306372,81,246
2779,81,805306373,81,301
2779,81,1073741824,81,300
2779,81,1073741825,81,245
2779,81,1073741826,81,136
2779,81,1073741827,81,117
2779,81,1073741828,81,90
2779,81,1073741829,81,56
2779,82,805306368,82,58
2779,82,805306369,82,90
2779,82,805306370,82,119
2779,82,805306371,82,136
2779,82,805306372,82,247
2779,82,805306373,82,301
2779,82,1073741824,82,300
2779,82,1073741825,82,246
2779,82,1073741826,82,135
2779,82,1073741827,82,118
2779,82,1073741828,82,89
2779,82,1073741829,82,57
2779,83,805306368,83,59
2779,83,805306369,83,90
2779,83,805306370,83,120
2779,83,805306371,83,136
2779,83,805306372,83,146
2779,83,805306373,83,151
2779,83,805306374,83,249
2779,83,805306375,83,300
2779,83,1073741824,83,299
2779,83,1073741825,83,248
2779,83,1073741826,83,150
2779,83,1073741827,83,145
2779,83,1073741828,83,135
2779,83,1073741829,83,119
2779,83,1073741830,83,89
2779,83,1073741831,83,58
2779,84,805306368,84,60
2779,84,805306369,84,90
2779,84,805306370,84,121
2779,84,805306371,84,136
2779,84,805306372,84,142
2779,84,805306373,84,153
2779,84,805306374,84,250
2779,84,805306375,84,299
2779,84,1073741824,84,298
2779,84,1073741825,84,249
2779,84,1073741826,84,152
2779,84,1073741827,84,141
2779,84,1073741828,84,135
2779,84,1073741829,84,120
2779,84,1073741830,84,89
2779,84,1073741831,84,59
2779,85,805306368,85,61
2779,85,805306369,85,89
2779,85,805306370,85,122
2779,85,805306371,85,135
2779,85,805306372,85,141
2779,85,805306373,85,152
2779,85,805306374,85,210
2779,85,805306375,85,215
2779,85,805306376,85,251
2779,85,805306377,85,299
2779,85,1073741824,85,298
2779,85,1073741825,85,250
2779,85,1073741826,85,214
2779,85,1073741827,85,209
2779,85,1073741828,85,151
2779,85,1073741829,85,140
2779,85,1073741830,85,134
2779,85,1073741831,85,121
2779,85,1073741832,85,88
2779,85,1073741833,85,60
2779,86,805306368,86,63
2779,86,805306369,86,88
2779,86,805306370,86,124
2779,86,805306371,86,134
2779,86,805306372,86,140
2779,86,805306373,86,151
2779,86,805306374,86,209
2779,86,805306375,86,217
2779,86,805306376,86,253
2779,86,805306377,86,298
2779,86,1073741824,86,297
2779,86,1073741825,86,252
2779,86,1073741826,86,216
2779,86,1073741827,86,208
2779,86,1073741828,86,150
2779,86,1073741829,86,139
2779,86,1073741830,86,133
2779,86,1073741831,86,123
2779,86,1073741832,86,87
2779,86,1073741833,86,62
2779,87,805306368,87,64
2779,87,805306369,87,88
2779,87,805306370,87,125
2779,87,805306371,87,133
2779,87,805306372,87,138
2779,87,805306373,87,150
2779,87,805306374,87,207
2779,87,805306375,87,218
2779,87,805306376,87,254
2779,87,805306377,87,297
2779,87,1073741824,87,296
2779,87,1073741825,87,253
2779,87,1073741826,87,217
2779,87,1073741827,87,206
2779,87,1073741828,87,149
2779,87,1073741829,87,137
2779,87,1073741830,87,132
2779,87,1073741831,87,124
2779,87,1073741832,87,87
2779,87,1073741833,87,63
2779,88,805306368,88,65
2779,88,805306369,88,86
2779,88,805306370,88,126
2779,88,805306371,88,129
2779,88,805306372,88,137
2779,88,805306373,88,150
2779,88,805306374,88,206
2779,88,805306375,88,219
2779,88,805306376,88,255
2779,88,805306377,88,296
2779,88,1073741824,88,295
2779,88,1073741825,88,254
2779,88,1073741826,88,218
2779,88,1073741827,88,205
2779,88,1073741828,88,149
2779,88,1073741829,88,136
2779,88,1073741830,88,128
2779,88,1073741831,88,125
2779,88,1073741832,88,85
2779,88,1073741833,88,64
2779,89,805306368,89,67
2779,89,805306369,89,85
2779,89,805306370,89,136
2779,89,805306371,89,151
2779,89,805306372,89,192
2779,89,805306373,89,196
2779,89,805306374,89,201
2779,89,805306375,89,203
2779,89,805306376,89,205
2779,89,805306377,89,220
2779,89,805306378,89,256
2779,89,805306379,89,296
2779,89,1073741824,89,295
2779,89,1073741825,89,255
2779,89,1073741826,89,219
2779,89,1073741827,89,204
2779,89,1073741828,89,202
2779,89,1073741829,89,200
2779,89,1073741830,89,195
2779,89,1073741831,89,191
2779,89,1073741832,89,150
2779,89,1073741833,89,135
2779,89,1073741834,89,84
2779,89,1073741835,89,66
2779,90,805306368,90,70
2779,90,805306369,90,83
2779,90,805306370,90,135
2779,90,805306371,90,152
2779,90,805306372,90,191
2779,90,805306373,90,197
2779,90,805306374,90,201
2779,90,805306375,90,203
2779,90,805306376,90,205
2779,90,805306377,90,220
2779,90,805306378,90,257
2779,90,805306379,90,295
2779,90,1073741824,90,294
2779,90,1073741825,90,256
2779,90,1073741826,90,219
2779,90,1073741827,90,204
2779,90,1073741828,90,202
2779,90,1073741829,90,200
2779,90,1073741830,90,196
2779,90,1073741831,90,190
2779,90,1073741832,90,151
2779,90,1073741833,90,134
2779,90,1073741834,90,82
2779,90,1073741835,90,69
2779,91,805306368,91,74
2779,91,805306369,91,77
2779,91,805306370,91,134
2779,91,805306371,91,154
2779,91,805306372,91,185
2779,91,805306373,91,186
2779,91,805306374,91,190
2779,91,805306375,91,198
2779,91,805306376,91,200
2779,91,805306377,91,203
2779,91,805306378,91,205
2779,91,805306379,91,220
2779,91,805306380,91,259
2779,91,805306381,91,294
2779,91,1073741824,91,293
2779,91,1073741825,91,258
2779,91,1073741826,91,219
2779,91,1073741827,91,204
2779,91,1073741828,91,202
2779,91,1073741829,91,199
2779,91,1073741830,91,197
2779,91,1073741831,91,189
2779,91,1073741832,91,185
2779,91,1073741833,91,184
2779,91,1073741834,91,153
2779,91,1073741835,91,133
2779,91,1073741836,91,76
2779,91,1073741837,91,73
2779,92,805306368,92,134
2779,92,805306369,92,155
2779,92,805306370,92,183
2779,92,805306371,92,203
2779,92,805306372,92,205
2779,92,805306373,92,220
2779,92,805306374,92,260
2779,92,805306375,92,293
2779,92,1073741824,92,292
2779,92,1073741825,92,259
2779,92,1073741826,92,219
2779,92,1073741827,92,204
2779,92,1073741828,92,202
2779,92,1073741829,92,182
2779,92,1073741830,92,154
2779,92,1073741831,92,133
2779,93,805306368,93,133
2779,93,805306369,93,155
2779,93,805306370,93,181
2779,93,805306371,93,203
2779,93,805306372,93,205
2779,93,805306373,93,220
2779,93,805306374,93,261
2779,93,805306375,93,292
2779,93,1073741824,93,291
2779,93,1073741825,93,260
2779,93,1073741826,93,219
2779,93,1073741827,93,204
2779,93,1073741828,93,202
2779,93,1073741829,93,180
2779,93,1073741830,93,154
2779,93,1073741831,93,132
2779,94,805306368,94,133
2779,94,805306369,94,155
2779,94,805306370,94,180
2779,94,805306371,94,204
2779,94,805306372,94,205
2779,94,805306373,94,220
2779,94,805306374,94,262
2779,94,805306375,94,291
2779,94,1073741824,94,290
2779,94,1073741825,94,261
2779,94,1073741826,94,219
2779,94,1073741827,94,204
2779,94,1073741828,94,203
2779,94,1073741829,94,179
2779,94,1073741830,94,154
2779,94,1073741831,94,132
2779,95,805306368,95,132
2779,95,805306369,95,155
2779,95,805306370,95,179
2779,95,805306371,95,219
2779,95,805306372,95,263
2779,95,805306373,95,290
2779,95,1073741824,95,289
2779,95,1073741825,95,262
2779,95,1073741826,95,218
2779,95,1073741827,95,178
2779,95,1073741828,95,154
2779,95,1073741829,95,131
2779,96,805306368,96,132
2779,96,805306369,96,155
2779,96,805306370,96,178
2779,96,805306371,96,219
2779,96,805306372,96,265
2779,96,805306373,96,289
2779,96,1073741824,96,288
2779,96,1073741825,96,264
2779,96,1073741826,96,218
2779,96,1073741827,96,177
2779,96,1073741828,96,154
2779,96,1073741829,96,131
2779,97,805306368,97,132
2779,97,805306369,97,155
2779,97,805306370,97,178
2779,97,805306371,97,219
2779,97,805306372,97,267
2779,97,805306373,97,287
2779,97,1073741824,97,286
2779,97,1073741825,97,266
2779,97,1073741826,97,218
2779,97,1073741827,97,177
2779,97,1073741828,97,154
2779,97,1073741829,97,131
2779,98,805306368,98,131
2779,98,805306369,98,155
2779,98,805306370,98,178
2779,98,805306371,98,219
2779,98,805306372,98,268
2779,98,805306373,98,284
2779,98,1073741824,98,283
2779,98,1073741825,98,267
2779,98,1073741826,98,218
2779,98,1073741827,98,177
2779,98,1073741828,98,154
2779,98,1073741829,98,130
2779,99,805306368,99,131
2779,99,805306369,99,155
2779,99,805306370,99,178
2779,99,805306371,99,219
2779,99,805306372,99,270
2779,99,805306373,99,283
2779,99,1073741824,99,282
2779,99,1073741825,99,269
2779,99,1073741826,99,218
2779,99,1073741827,99,177
2779,99,1073741828,99,154
2779,99,1073741829,99,130
2779,100,805306368,100,131
2779,100,805306369,100,155
2779,100,805306370,100,174
2779,100,805306371,100,218
2779,100,805306372,100,272
2779,100,805306373,100,281
2779,100,1073741824,100,280
2779,100,1073741825,100,271
2779,100,1073741826,100,217
2779,100,1073741827,100,173
2779,100,1073741828,100,154
2779,100,1073741829,100,130
2779,101,805306368,101,128
2779,101,805306369,101,218
2779,101,805306370,101,274
2779,101,805306371,101,279
2779,101,1073741824,101,278
2779,101,1073741825,101,273
2779,101,1073741826,101,217
2779,101,1073741827,101,127
2779,102,805306368,102,127
2779,102,805306369,102,215
2779,102,1073741824,102,214
2779,102,1073741825,102,126
2779,103,805306368,103,127
2779,103,805306369,103,213
2779,103,1073741824,103,212
2779,103,1073741825,103,126
2779,104,805306368,104,126
2779,104,805306369,104,210
2779,104,1073741824,104,209
2779,104,1073741825,104,125
2779,105,805306368,105,126
2779,105,805306369,105,209
2779,105,1073741824,105,208
2779,105,1073741825,105,125
2779,106,805306368,106,126
2779,106,805306369,106,209
2779,106,1073741824,106,208
2779,106,1073741825,106,125
2779,107,805306368,107,126
2779,107,805306369,107,208
2779,107,1073741824,107,207
2779,107,1073741825,107,125
2779,108,805306368,108,126
2779,108,805306369,108,208
2779,108,1073741824,108,207
2779,108,1073741825,108,125
2779,109,805306368,109,126
2779,109,805306369,109,208
2779,109,1073741824,109,207
2779,109,1073741825,109,125
2779,110,805306368,110,125
2779,110,805306369,110,208
2779,110,1073741824,110,207
2779,110,1073741825,110,124
2779,111,805306368,111,125
2779,111,805306369,111,208
2779,111,1073741824,111,207
2779,111,1073741825,111,124
2779,112,805306368,112,126
2779,112,805306369,112,207
2779,112,1073741824,112,206
2779,112,1073741825,112,125
2779,113,805306368,113,126
2779,113,805306369,113,207
2779,113,1073741824,113,206
2779,113,1073741825,113,125
2779,114,805306368,114,125
2779,114,805306369,114,206
2779,114,1073741824,114,205
2779,114,1073741825,114,124
2779,115,805306368,115,125
2779,115,805306369,115,206
2779,115,1073741824,115,205
2779,115,1073741825,115,124
2779,116,805306368,116,125
2779,116,805306369,116,205
2779,116,1073741824,116,204
2779,116,1073741825,116,124
2779,117,805306368,117,125
2779,117,805306369,117,206
2779,117,1073741824,117,205
2779,117,1073741825,117,124
2779,118,805306368,118,126
2779,118,805306369,118,206
2779,118,1073741824,118,205
2779,118,1073741825,118,125
2779,119,805306368,119,126
2779,119,805306369,119,207
2779,119,1073741824,119,206
2779,119,1073741825,119,125
2779,120,805306368,120,126
2779,120,805306369,120,208
2779,120,1073741824,120,207
2779,120,1073741825,120,125
2779,121,805306368,121,126
2779,121,805306369,121,208
2779,121,1073741824,121,207
2779,121,1073741825,121,125
2779,122,805306368,122,126
2779,122,805306369,122,209
2779,122,1073741824,122,208
2779,122,1073741825,122,125
2779,123,805306368,123,127
2779,123,805306369,123,209
2779,123,1073741824,123,208
2779,123,1073741825,123,126
2779,124,805306368,124,127
2779,124,805306369,124,210
2779,124,1073741824,124,209
2779,124,1073741825,124,126
2779,125,805306368,125,127
2779,125,805306369,125,210
2779,125,1073741824,125,209
2779,125,1073741825,125,126
2779,126,805306368,126,128
2779,126,805306369,126,210
2779,126,1073741824,126,209
2779,126,1073741825,126,127
2779,127,805306368,127,128
2779,127,805306369,127,210
2779,127,1073741824,127,209
2779,127,1073741825,127,127
2779,128,805306368,128,128
2779,128,805306369,128,131
2779,128,805306370,128,137
2779,128,805306371,128,151
2779,128,805306372,128,155
2779,128,805306373,128,210
2779,128,1073741824,128,209
2779,128,1073741825,128,154
2779,128,1073741826,128,150
2779,128,1073741827,128,136
2779,128,1073741828,128,130
2779,128,1073741829,128,127
2779,129,805306368,129,138
2779,129,805306369,129,151
2779,129,805306370,129,154
2779,129,805306371,129,211
2779,129,1073741824,129,210
2779,129,1073741825,129,153
2779,129,1073741826,129,150
2779,129,1073741827,129,137
2779,130,805306368,130,141
2779,130,805306369,130,151
2779,130,805306370,130,152
2779,130,805306371,130,211
2779,130,1073741824,130,210
2779,130,1073741825,130,151
2779,130,1073741826,130,150
2779,130,1073741827,130,140
2779,131,805306368,131,142
2779,131,805306369,131,211
2779,131,1073741824,131,210
2779,131,1073741825,131,141
2779,132,805306368,132,141
2779,132,805306369,132,146
2779,132,805306370,132,147
2779,132,805306371,132,211
2779,132,1073741824,132,210
2779,132,1073741825,132,146
2779,132,1073741826,132,145
2779,132,1073741827,132,140
2779,133,805306368,133,141
2779,133,805306369,133,146
2779,133,805306370,133,147
2779,133,805306371,133,211
2779,133,1073741824,133,210
2779,133,1073741825,133,146
2779,133,1073741826,133,145
2779,133,1073741827,133,140
2779,134,805306368,134,141
2779,134,805306369,134,146
2779,134,805306370,134,147
2779,134,805306371,134,211
2779,134,1073741824,134,210
2779,134,1073741825,134,146
2779,134,1073741826,134,145
2779,134,1073741827,134,140
2779,135,805306368,135,141
2779,135,805306369,135,146
2779,135,805306370,135,147
2779,135,805306371,135,211
2779,135,1073741824,135,210
2779,135,1073741825,135,146
2779,135,1073741826,135,145
2779,135,1073741827,135,140
2779,136,805306368,136,141
2779,136,805306369,136,146
2779,136,805306370,136,147
2779,136,805306371,136,211
2779,136,1073741824,136,210
2779,136,1073741825,136,146
2779,136,1073741826,136,145
2779,136,1073741827,136,140
2779,137,805306368,137,141
2779,137,805306369,137,146
2779,137,805306370,137,147
2779,137,805306371,137,211
2779,137,805306372,137,332
2779,137,805306373,137,337
2779,137,1073741824,137,336
2779,137,1073741825,137,331
2779,137,1073741826,137,210
2779,137,1073741827,137,146
2779,137,1073741828,137,145
2779,137,1073741829,137,140
2779,138,805306368,138,141
2779,138,805306369,138,145
2779,138,805306370,138,147
2779,138,805306371,138,211
2779,138,805306372,138,328
2779,138,805306373,138,339
2779,138,1073741824,138,338
2779,138,1073741825,138,327
2779,138,1073741826,138,210
2779,138,1073741827,138,146
2779,138,1073741828,138,144
2779,138,1073741829,138,140
2779,139,805306368,139,141
2779,139,805306369,139,145
2779,139,805306370,139,147
2779,139,805306371,139,210
2779,139,805306372,139,321
2779,139,805306373,139,340
2779,139,1073741824,139,339
2779,139,1073741825,139,320
2779,139,1073741826,139,209
2779,139,1073741827,139,146
2779,139,1073741828,139,144
2779,139,1073741829,139,140
2779,140,805306368,140,141
2779,140,805306369,140,145
2779,140,805306370,140,146
2779,140,805306371,140,210
2779,140,805306372,140,317
2779,140,805306373,140,340
2779,140,1073741824,140,339
2779,140,1073741825,140,316
2779,140,1073741826,140,209
2779,140,1073741827,140,145
2779,140,1073741828,140,144
2779,140,1073741829,140,140
2779,141,805306368,141,141
2779,141,805306369,141,145
2779,141,805306370,141,146
2779,141,805306371,141,210
2779,141,805306372,141,314
2779,141,805306373,141,342
2779,141,1073741824,141,341
2779,141,1073741825,141,313
2779,141,1073741826,141,209
2779,141,1073741827,141,145
2779,141,1073741828,141,144
2779,141,1073741829,141,140
2779,142,805306368,142,140
2779,142,805306369,142,145
2779,142,805306370,142,146
2779,142,805306371,142,210
2779,142,805306372,142,311
2779,142,805306373,142,343
2779,142,1073741824,142,342
2779,142,1073741825,142,310
2779,142,1073741826,142,209
2779,142,1073741827,142,145
2779,142,1073741828,142,144
2779,142,1073741829,142,139
2779,143,805306368,143,140
2779,143,805306369,143,145
2779,143,805306370,143,146
2779,143,805306371,143,210
2779,143,805306372,143,307
2779,143,805306373,143,344
2779,143,1073741824,143,343
2779,143,1073741825,143,306
2779,143,1073741826,143,209
2779,143,1073741827,143,145
2779,143,1073741828,143,144
2779,143,1073741829,143,139
2779,144,805306368,144,140
2779,144,805306369,144,145
2779,144,805306370,144,146
2779,144,805306371,144,209
2779,144,805306372,144,304
2779,144,805306373,144,345
2779,144,1073741824,144,344
2779,144,1073741825,144,303
2779,144,1073741826,144,208
2779,144,1073741827,144,145
2779,144,1073741828,144,144
2779,144,1073741829,144,139
2779,145,805306368,145,140
2779,145,805306369,145,209
2779,145,805306370,145,302
2779,145,805306371,145,345
2779,145,1073741824,145,344
2779,145,1073741825,145,301
2779,145,1073741826,145,208
2779,145,1073741827,145,139
2779,146,805306368,146,140
2779,146,805306369,146,209
2779,146,805306370,146,300
2779,146,805306371,146,345
2779,146,1073741824,146,344
2779,146,1073741825,146,299
2779,146,1073741826,146,208
2779,146,1073741827,146,139
2779,147,805306368,147,140
2779,147,805306369,147,209
2779,147,805306370,147,297
2779,147,805306371,147,346
2779,147,1073741824,147,345
2779,147,1073741825,147,296
2779,147,1073741826,147,208
2779,147,1073741827,147,139
2779,148,805306368,148,140
2779,148,805306369,148,209
2779,148,805306370,148,295
2779,148,805306371,148,346
2779,148,1073741824,148,345
2779,148,1073741825,148,294
2779,148,1073741826,148,208
2779,148,1073741827,148,139
2779,149,805306368,149,140
2779,149,805306369,149,208
2779,149,805306370,149,293
2779,149,805306371,149,346
2779,149,1073741824,149,345
2779,149,1073741825,149,292
2779,149,1073741826,149,207
2779,149,1073741827,149,139
2779,150,805306368,150,139
2779,150,805306369,150,208
2779,150,805306370,150,291
2779,150,805306371,150,347
2779,150,1073741824,150,346
2779,150,1073741825,150,290
2779,150,1073741826,150,207
2779,150,1073741827,150,138
2779,151,805306368,151,138
2779,151,805306369,151,208
2779,151,805306370,151,289
2779,151,805306371,151,348
2779,151,1073741824,151,347
2779,151,1073741825,151,288
2779,151,1073741826,151,207
2779,151,1073741827,151,137
2779,152,805306368,152,63
2779,152,805306369,152,64
2779,152,805306370,152,137
2779,152,805306371,152,208
2779,152,805306372,152,287
2779,152,805306373,152,348
2779,152,1073741824,152,347
2779,152,1073741825,152,286
2779,152,1073741826,152,207
2779,152,1073741827,152,136
2779,152,1073741828,152,63
2779,152,1073741829,152,62
2779,153,805306368,153,61
2779,153,805306369,153,66
2779,153,805306370,153,137
2779,153,805306371,153,208
2779,153,805306372,153,285
2779,153,805306373,153,348
2779,153,1073741824,153,347
2779,153,1073741825,153,284
2779,153,1073741826,153,207
2779,153,1073741827,153,136
2779,153,1073741828,153,65
2779,153,1073741829,153,60
2779,154,805306368,154,59
2779,154,805306369,154,66
2779,154,805306370,154,137
2779,154,805306371,154,208
2779,154,805306372,154,283
2779,154,805306373,154,349
2779,154,1073741824,154,348
2779,154,1073741825,154,282
2779,154,1073741826,154,207
2779,154,1073741827,154,136
2779,154,1073741828,154,65
2779,154,1073741829,154,58
2779,155,805306368,155,58
2779,155,805306369,155,67
2779,155,805306370,155,137
2779,155,805306371,155,208
2779,155,805306372,155,281
2779,155,805306373,155,349
2779,155,1073741824,155,348
2779,155,1073741825,155,280
2779,155,1073741826,155,207
2779,155,1073741827,155,136
2779,155,1073741828,155,66
2779,155,1073741829,155,57
2779,156,805306368,156,57
2779,156,805306369,156,69
2779,156,805306370,156,93
2779,156,805306371,156,101
2779,156,805306372,156,137
2779,156,805306373,156,208
2779,156,805306374,156,279
2779,156,805306375,156,349
2779,156,1073741824,156,348
2779,156,1073741825,156,278
2779,156,1073741826,156,207
2779,156,1073741827,156,136
2779,156,1073741828,156,100
2779,156,1073741829,156,92
2779,156,1073741830,156,68
2779,156,1073741831,156,56
2779,157,805306368,157,57
2779,157,805306369,157,72
2779,157,805306370,157,90
2779,157,805306371,157,102
2779,157,805306372,157,138
2779,157,805306373,157,208
2779,157,805306374,157,277
2779,157,805306375,157,350
2779,157,1073741824,157,349
2779,157,1073741825,157,276
2779,157,1073741826,157,207
2779,157,1073741827,157,137
2779,157,1073741828,157,101
2779,157,1073741829,157,89
2779,157,1073741830,157,71
2779,157,1073741831,157,56
2779,158,805306368,158,57
2779,158,805306369,158,74
2779,158,805306370,158,88
2779,158,805306371,158,103
2779,158,805306372,158,138
2779,158,805306373,158,208
2779,158,805306374,158,274
2779,158,805306375,158,350
2779,158,1073741824,158,349
2779,158,1073741825,158,273
2779,158,1073741826,158,207
2779,158,1073741827,158,137
2779,158,1073741828,158,102
2779,158,1073741829,158,87
2779,158,1073741830,158,73
2779,158,1073741831,158,56
2779,159,805306368,159,58
2779,159,805306369,159,76
2779,159,805306370,159,85
2779,159,805306371,159,105
2779,159,805306372,159,138
2779,159,805306373,159,208
2779,159,805306374,159,272
2779,159,805306375,159,351
2779,159,1073741824,159,350
2779,159,1073741825,159,271
2779,159,1073741826,159,207
2779,159,1073741827,159,137
2779,159,1073741828,159,104
2779,159,1073741829,159,84
2779,159,1073741830,159,75
2779,159,1073741831,159,57
2779,160,805306368,160,58
2779,160,805306369,160,79
2779,160,805306370,160,83
2779,160,805306371,160,106
2779,160,805306372,160,138
2779,160,805306373,160,208
2779,160,805306374,160,270
2779,160,805306375,160,351
2779,160,1073741824,160,350
2779,160,1073741825,160,269
2779,160,1073741826,160,207
2779,160,1073741827,160,137
2779,160,1073741828,160,105
2779,160,1073741829,160,82
2779,160,1073741830,160,78
2779,160,1073741831,160,57
2779,161,805306368,161,59
2779,161,805306369,161,107
2779,161,805306370,161,138
2779,161,805306371,161,208
2779,161,805306372,161,267
2779,161,805306373,161,352
2779,161,1073741824,161,351
2779,161,1073741825,161,266
2779,161,1073741826,161,207
2779,161,1073741827,161,137
2779,161,1073741828,161,106
2779,161,1073741829,161,58
2779,162,805306368,162,59
2779,162,805306369,162,109
2779,162,805306370,162,138
2779,162,805306371,162,208
2779,162,805306372,162,265
2779,162,805306373,162,352
2779,162,1073741824,162,351
2779,162,1073741825,162,264
2779,162,1073741826,162,207
2779,162,1073741827,162,137
2779,162,1073741828,162,108
2779,162,1073741829,162,58
2779,163,805306368,163,59
2779,163,805306369,163,110
2779,163,805306370,163,138
2779,163,805306371,163,207
2779,163,805306372,163,263
2779,163,805306373,163,353
2779,163,1073741824,163,352
2779,163,1073741825,163,262
2779,163,1073741826,163,206
2779,163,1073741827,163,137
2779,163,1073741828,163,109
2779,163,1073741829,163,58
2779,164,805306368,164,59
2779,164,805306369,164,108
2779,164,805306370,164,110
2779,164,805306371,164,112
2779,164,805306372,164,137
2779,164,805306373,164,207
2779,164,805306374,164,260
2779,164,805306375,164,354
2779,164,1073741824,164,353
2779,164,1073741825,164,259
2779,164,1073741826,164,206
2779,164,1073741827,164,136
2779,164,1073741828,164,111
2779,164,1073741829,164,109
2779,164,1073741830,164,107
2779,164,1073741831,164,58
2779,165,805306368,165,59
2779,165,805306369,165,109
2779,165,805306370,165,137
2779,165,805306371,165,207
2779,165,805306372,165,258
2779,165,805306373,165,354
2779,165,1073741824,165,353
2779,165,1073741825,165,257
2779,165,1073741826,165,206
2779,165,1073741827,165,136
2779,165,1073741828,165,108
2779,165,1073741829,165,58
2779,166,805306368,166,60
2779,166,805306369,166,110
2779,166,805306370,166,137
2779,166,805306371,166,207
2779,166,805306372,166,255
2779,166,805306373,166,354
2779,166,1073741824,166,353
2779,166,1073741825,166,254
2779,166,1073741826,166,206
2779,166,1073741827,166,136
2779,166,1073741828,166,109
2779,166,1073741829,166,59
2779,167,805306368,167,59
2779,167,805306369,167,113
2779,167,805306370,167,137
2779,167,805306371,167,207
2779,167,805306372,167,253
2779,167,805306373,167,355
2779,167,1073741824,167,354
2779,167,1073741825,167,252
2779,167,1073741826,167,206
2779,167,1073741827,167,136
2779,167,1073741828,167,112
2779,167,1073741829,167,58
2779,168,805306368,168,58
2779,168,805306369,168,118
2779,168,805306370,168,137
2779,168,805306371,168,207
2779,168,805306372,168,250
2779,168,805306373,168,355
2779,168,1073741824,168,354
2779,168,1073741825,168,249
2779,168,1073741826,168,206
2779,168,1073741827,168,136
2779,168,1073741828,168,117
2779,168,1073741829,168,57
2779,169,805306368,169,57
2779,169,805306369,169,122
2779,169,805306370,169,137
2779,169,805306371,169,206
2779,169,805306372,169,248
2779,169,805306373,169,356
2779,169,1073741824,169,355
2779,169,1073741825,169,247
2779,169,1073741826,169,205
2779,169,1073741827,169,136
2779,169,1073741828,169,121
2779,169,1073741829,169,56
2779,170,805306368,170,56
2779,170,805306369,170,126
2779,170,805306370,170,137
2779,170,805306371,170,206
2779,170,805306372,170,246
2779,170,1073741824,170,245
2779,170,1073741825,170,205
2779,170,1073741826,170,136
2779,170,1073741827,170,125
2779,170,1073741828,170,55
2779,171,805306368,171,55
2779,171,805306369,171,128
2779,171,805306370,171,137
2779,171,805306371,171,206
2779,171,805306372,171,244
2779,171,1073741824,171,243
2779,171,1073741825,171,205
2779,171,1073741826,171,136
2779,171,1073741827,171,127
2779,171,1073741828,171,54
2779,172,805306368,172,55
2779,172,805306369,172,132
2779,172,805306370,172,136
2779,172,805306371,172,206
2779,172,805306372,172,242
2779,172,1073741824,172,241
2779,172,1073741825,172,205
2779,172,1073741826,172,135
2779,172,1073741827,172,131
2779,172,1073741828,172,54
2779,173,805306368,173,54
2779,173,805306369,173,132
2779,173,805306370,173,136
2779,173,805306371,173,205
2779,173,805306372,173,240
2779,173,1073741824,173,239
2779,173,1073741825,173,204
2779,173,1073741826,173,135
2779,173,1073741827,173,131
2779,173,1073741828,173,53
2779,174,805306368,174,53
2779,174,805306369,174,134
2779,174,805306370,174,136
2779,174,805306371,174,205
2779,174,805306372,174,239
2779,174,1073741824,174,238
2779,174,1073741825,174,204
2779,174,1073741826,174,135
2779,174,1073741827,174,133
2779,174,1073741828,174,52
2779,175,805306368,175,52
2779,175,805306369,175,133
2779,175,805306370,175,136
2779,175,805306371,175,206
2779,175,805306372,175,238
2779,175,1073741824,175,237
2779,175,1073741825,175,205
2779,175,1073741826,175,135
2779,175,1073741827,175,132
2779,175,1073741828,175,51
2779,176,805306368,176,51
2779,176,805306369,176,131
2779,176,805306370,176,136
2779,176,805306371,176,207
2779,176,805306372,176,237
2779,176,1073741824,176,236
2779,176,1073741825,176,206
2779,176,1073741826,176,135
2779,176,1073741827,176,130
2779,176,1073741828,176,50
2779,177,805306368,177,51
2779,177,805306369,177,132
2779,177,805306370,177,136
2779,177,805306371,177,208
2779,177,805306372,177,211
2779,177,805306373,177,219
2779,177,805306374,177,235
2779,177,1073741824,177,234
2779,177,1073741825,177,218
2779,177,1073741826,177,210
2779,177,1073741827,177,207
2779,177,1073741828,177,135
2779,177,1073741829,177,131
2779,177,1073741830,177,50
2779,178,805306368,178,50
2779,178,805306369,178,133
2779,178,805306370,178,136
2779,178,805306371,178,220
2779,178,805306372,178,234
2779,178,1073741824,178,233
2779,178,1073741825,178,219
2779,178,1073741826,178,135
2779,178,1073741827,178,132
2779,178,1073741828,178,49
2779,179,805306368,179,49
2779,179,805306369,179,133
2779,179,805306370,179,136
2779,179,805306371,179,221
2779,179,805306372,179,233
2779,179,1073741824,179,232
2779,179,1073741825,179,220
2779,179,1073741826,179,135
2779,179,1073741827,179,132
2779,179,1073741828,179,48
2779,180,805306368,180,48
2779,180,805306369,180,134
2779,180,805306370,180,135
2779,180,805306371,180,222
2779,180,805306372,180,232
2779,180,1073741824,180,231
2779,180,1073741825,180,221
2779,180,1073741826,180,134
2779,180,1073741827,180,133
2779,180,1073741828,180,47
2779,181,805306368,181,48
2779,181,805306369,181,223
2779,181,805306370,181,231
2779,181,1073741824,181,230
2779,181,1073741825,181,222
2779,181,1073741826,181,47
2779,182,805306368,182,47
2779,182,805306369,182,222
2779,182,805306370,182,228
2779,182,1073741824,182,227
2779,182,1073741825,182,221
2779,182,1073741826,182,46
2779,183,805306368,183,46
2779,183,805306369,183,223
2779,183,805306370,183,225
2779,183,1073741824,183,224
2779,183,1073741825,183,222
2779,183,1073741826,183,45
2779,184,805306368,184,45
2779,184,1073741824,184,44
2779,185,805306368,185,44
2779,185,1073741824,185,43
2779,186,805306368,186,44
2779,186,1073741824,186,43
2779,187,805306368,187,43
2779,187,1073741824,187,42
2779,188,805306368,188,42
2779,188,1073741824,188,41
2779,189,805306368,189,41
2779,189,1073741824,189,40
2779,190,805306368,190,34
2779,190,805306369,190,35
2779,190,805306370,190,40
2779,190,1073741824,190,39
2779,190,1073741825,190,34
2779,190,1073741826,190,33
2779,191,805306368,191,34
2779,191,805306369,191,36
2779,191,805306370,191,40
2779,191,1073741824,191,39
2779,191,1073741825,191,35
2779,191,1073741826,191,33
2779,192,805306368,192,34
2779,192,805306369,192,37
2779,192,805306370,192,39
2779,192,1073741824,192,38
2779,192,1073741825,192,36
2779,192,1073741826,192,33
2779,193,805306368,193,35
2779,193,805306369,193,37
2779,193,805306370,193,39
2779,193,1073741824,193,38
2779,193,1073741825,193,36
2779,193,1073741826,193,34
2779,194,805306368,194,35
2779,194,1073741824,194,34
2779,195,805306368,195,35
2779,195,1073741824,195,34
2779,196,805306368,196,35
2779,196,1073741824,196,34
2779,197,805306368,197,35
2779,197,1073741824,197,34
2779,198,805306368,198,16
2779,198,805306369,198,17
2779,198,805306370,198,35
2779,198,1073741824,198,34
2779,198,1073741825,198,16
2779,198,1073741826,198,15
2779,199,805306368,199,16
2779,199,805306369,199,18
2779,199,805306370,199,34
2779,199,1073741824,199,33
2779,199,1073741825,199,17
2779,199,1073741826,199,15
2779,200,805306368,200,16
2779,200,805306369,200,19
2779,200,805306370,200,34
2779,200,1073741824,200,33
2779,200,1073741825,200,18
2779,200,1073741826,200,15
2779,201,805306368,201,17
2779,201,805306369,201,19
2779,201,805306370,201,33
2779,201,1073741824,201,32
2779,201,1073741825,201,18
2779,201,1073741826,201,16
2779,202,805306368,202,17
2779,202,805306369,202,20
2779,202,805306370,202,32
2779,202,1073741824,202,31
2779,202,1073741825,202,19
2779,202,1073741826,202,16
2779,203,805306368,203,17
2779,203,805306369,203,22
2779,203,805306370,203,30
2779,203,1073741824,203,29
2779,203,1073741825,203,21
2779,203,1073741826,203,16
2779,204,805306368,204,18
2779,204,805306369,204,24
2779,204,805306370,204,28
2779,204,1073741824,204,27
2779,204,1073741825,204,23
2779,204,1073741826,204,17
2779,205,805306368,205,18
2779,205,1073741824,205,17
2779,206,805306368,206,19
2779,206,805306369,206,40
2779,206,805306370,206,41
2779,206,1073741824,206,40
2779,206,1073741825,206,39
2779,206,1073741826,206,18
2779,207,805306368,207,19
2779,207,805306369,207,39
2779,207,805306370,207,42
2779,207,1073741824,207,41
2779,207,1073741825,207,38
2779,207,1073741826,207,18
2779,208,805306368,208,20
2779,208,805306369,208,38
2779,208,805306370,208,43
2779,208,1073741824,208,42
2779,208,1073741825,208,37
2779,208,1073741826,208,19
2779,209,805306368,209,20
2779,209,805306369,209,38
2779,209,805306370,209,43
2779,209,1073741824,209,42
2779,209,1073741825,209,37
2779,209,1073741826,209,19
2779,210,805306368,210,21
2779,210,805306369,210,30
2779,210,805306370,210,31
2779,210,805306371,210,37
2779,210,805306372,210,44
2779,210,1073741824,210,43
2779,210,1073741825,210,36
2779,210,1073741826,210,30
2779,210,1073741827,210,29
2779,210,1073741828,210,20
2779,211,805306368,211,24
2779,211,805306369,211,25
2779,211,805306370,211,45
2779,211,1073741824,211,44
2779,211,1073741825,211,24
2779,211,1073741826,211,23
2779,212,805306368,212,47
2779,212,1073741824,212,46
2779,213,805306368,213,48
2779,213,1073741824,213,47
2779,214,805306368,214,49
2779,214,1073741824,214,48
2779,215,805306368,215,50
2779,215,1073741824,215,49
2779,216,805306368,216,52
2779,216,1073741824,216,51
2779,217,805306368,217,53
2779,217,1073741824,217,52
2779,218,805306368,218,54
2779,218,1073741824,218,53
2779,219,805306368,219,55
2779,219,1073741824,219,54
2779,220,805306368,220,56
2779,220,1073741824,220,55
2779,221,805306368,221,58
2779,221,1073741824,221,57
2779,222,805306368,222,59
2779,222,1073741824,222,58
2779,223,805306368,223,60
2779,223,1073741824,223,59
2779,224,805306368,224,62
2779,224,1073741824,224,61
2779,225,805306368,225,64
2779,225,805306369,225,141
2779,225,805306370,225,142
2779,225,1073741824,225,141
2779,225,1073741825,225,140
2779,225,1073741826,225,63
2779,226,805306368,226,65
2779,226,805306369,226,141
2779,226,805306370,226,143
2779,226,1073741824,226,142
2779,226,1073741825,226,140
2779,226,1073741826,226,64
2779,227,805306368,227,66
2779,227,805306369,227,140
2779,227,805306370,227,144
2779,227,1073741824,227,143
2779,227,1073741825,227,139
2779,227,1073741826,227,65
2779,228,805306368,228,67
2779,228,805306369,228,140
2779,228,805306370,228,147
2779,228,1073741824,228,146
2779,228,1073741825,228,139
2779,228,1073741826,228,66
2779,229,805306368,229,66
2779,229,805306369,229,140
2779,229,805306370,229,149
2779,229,1073741824,229,148
2779,229,1073741825,229,139
2779,229,1073741826,229,65
2779,230,805306368,230,66
2779,230,805306369,230,140
2779,230,805306370,230,152
2779,230,1073741824,230,151
2779,230,1073741825,230,139
2779,230,1073741826,230,65
2779,231,805306368,231,70
2779,231,805306369,231,138
2779,231,805306370,231,158
2779,231,1073741824,231,157
2779,231,1073741825,231,137
2779,231,1073741826,231,69
2779,232,805306368,232,71
2779,232,805306369,232,85
2779,232,805306370,232,91
2779,232,805306371,232,138
2779,232,805306372,232,166
2779,232,1073741824,232,165
2779,232,1073741825,232,137
2779,232,1073741826,232,90
2779,232,1073741827,232,84
2779,232,1073741828,232,70
2779,233,805306368,233,72
2779,233,805306369,233,84
2779,233,805306370,233,94
2779,233,805306371,233,138
2779,233,805306372,233,173
2779,233,805306373,233,358
2779,233,1073741824,233,357
2779,233,1073741825,233,172
2779,233,1073741826,233,137
2779,233,1073741827,233,93
2779,233,1073741828,233,83
2779,233,1073741829,233,71
2779,234,805306368,234,72
2779,234,805306369,234,82
2779,234,805306370,234,97
2779,234,805306371,234,137
2779,234,805306372,234,177
2779,234,805306373,234,358
2779,234,1073741824,234,357
2779,234,1073741825,234,176
2779,234,1073741826,234,136
2779,234,1073741827,234,96
2779,234,1073741828,234,81
2779,234,1073741829,234,71
2779,235,805306368,235,72
2779,235,805306369,235,81
2779,235,805306370,235,102
2779,235,805306371,235,124
2779,235,805306372,235,128
2779,235,805306373,235,137
2779,235,805306374,235,181
2779,235,805306375,235,357
2779,235,1073741824,235,356
2779,235,1073741825,235,180
2779,235,1073741826,235,136
2779,235,1073741827,235,127
2779,235,1073741828,235,123
2779,235,1073741829,235,101
2779,235,1073741830,235,80
2779,235,1073741831,235,71
2779,236,805306368,236,72
2779,236,805306369,236,79
2779,236,805306370,236,128
2779,236,805306371,236,137
2779,236,805306372,236,186
2779,236,805306373,236,356
2779,236,1073741824,236,355
2779,236,1073741825,236,185
2779,236,1073741826,236,136
2779,236,1073741827,236,127
2779,236,1073741828,236,78
2779,236,1073741829,236,71
2779,237,805306368,237,72
2779,237,805306369,237,79
2779,237,805306370,237,128
2779,237,805306371,237,137
2779,237,805306372,237,190
2779,237,805306373,237,230
2779,237,805306374,237,236
2779,237,805306375,237,356
2779,237,1073741824,237,355
2779,237,1073741825,237,235
2779,237,1073741826,237,229
2779,237,1073741827,237,189
2779,237,1073741828,237,136
2779,237,1073741829,237,127
2779,237,1073741830,237,78
2779,237,1073741831,237,71
2779,238,805306368,238,73
2779,238,805306369,238,78
2779,238,805306370,238,128
2779,238,805306371,238,137
2779,238,805306372,238,197
2779,238,805306373,238,228
2779,238,805306374,238,238
2779,238,805306375,238,356
2779,238,1073741824,238,355
2779,238,1073741825,238,237
2779,238,1073741826,238,227
2779,238,1073741827,238,196
2779,238,1073741828,238,136
2779,238,1073741829,238,127
2779,238,1073741830,238,77
2779,238,1073741831,238,72
2779,239,805306368,239,74
2779,239,805306369,239,77
2779,239,805306370,239,128
2779,239,805306371,239,137
2779,239,805306372,239,205
2779,239,805306373,239,227
2779,239,805306374,239,240
2779,239,805306375,239,356
2779,239,1073741824,239,355
2779,239,1073741825,239,239
2779,239,1073741826,239,226
2779,239,1073741827,239,204
2779,239,1073741828,239,136
2779,239,1073741829,239,127
2779,239,1073741830,239,76
2779,239,1073741831,239,73
2779,240,805306368,240,74
2779,240,805306369,240,76
2779,240,805306370,240,128
2779,240,805306371,240,137
2779,240,805306372,240,211
2779,240,805306373,240,226
2779,240,805306374,240,241
2779,240,805306375,240,356
2779,240,1073741824,240,355
2779,240,1073741825,240,240
2779,240,1073741826,240,225
2779,240,1073741827,240,210
2779,240,1073741828,240,136
2779,240,1073741829,240,127
2779,240,1073741830,240,75
2779,240,1073741831,240,73
2779,241,805306368,241,127
2779,241,805306369,241,136
2779,241,805306370,241,217
2779,241,805306371,241,223
2779,241,805306372,241,244
2779,241,805306373,241,355
2779,241,1073741824,241,354
2779,241,1073741825,241,243
2779,241,1073741826,241,222
2779,241,1073741827,241,216
2779,241,1073741828,241,135
2779,241,1073741829,241,126
2779,242,805306368,242,127
2779,242,805306369,242,136
2779,242,805306370,242,247
2779,242,805306371,242,355
2779,242,1073741824,242,354
2779,242,1073741825,242,246
2779,242,1073741826,242,135
2779,242,1073741827,242,126
2779,243,805306368,243,127
2779,243,805306369,243,136
2779,243,805306370,243,251
2779,243,805306371,243,354
2779,243,1073741824,243,353
2779,243,1073741825,243,250
2779,243,1073741826,243,135
2779,243,1073741827,243,126
2779,244,805306368,244,127
2779,244,805306369,244,136
2779,244,805306370,244,256
2779,244,805306371,244,353
2779,244,1073741824,244,352
2779,244,1073741825,244,255
2779,244,1073741826,244,135
2779,244,1073741827,244,126
2779,245,805306368,245,127
2779,245,805306369,245,136
2779,245,805306370,245,264
2779,245,805306371,245,353
2779,245,1073741824,245,352
2779,245,1073741825,245,263
2779,245,1073741826,245,135
2779,245,1073741827,245,126
2779,246,805306368,246,127
2779,246,805306369,246,136
2779,246,805306370,246,270
2779,246,805306371,246,352
2779,246,1073741824,246,351
2779,246,1073741825,246,269
2779,246,1073741826,246,135
2779,246,1073741827,246,126
2779,247,805306368,247,126
2779,247,805306369,247,136
2779,247,805306370,247,276
2779,247,805306371,247,351
2779,247,1073741824,247,350
2779,247,1073741825,247,275
2779,247,1073741826,247,135
2779,247,1073741827,247,125
2779,248,805306368,248,126
2779,248,805306369,248,136
2779,248,805306370,248,283
2779,248,805306371,248,350
2779,248,1073741824,248,349
2779,248,1073741825,248,282
2779,248,1073741826,248,135
2779,248,1073741827,248,125
2779,249,805306368,249,126
2779,249,805306369,249,135
2779,249,805306370,249,288
2779,249,805306371,249,350
2779,249,1073741824,249,349
2779,249,1073741825,249,287
2779,249,1073741826,249,134
2779,249,1073741827,249,125
2779,250,805306368,250,126
2779,250,805306369,250,135
2779,250,805306370,250,292
2779,250,805306371,250,350
2779,250,1073741824,250,349
2779,250,1073741825,250,291
2779,250,1073741826,250,134
2779,250,1073741827,250,125
2779,251,805306368,251,126
2779,251,805306369,251,135
2779,251,805306370,251,295
2779,251,805306371,251,349
2779,251,1073741824,251,348
2779,251,1073741825,251,294
2779,251,1073741826,251,134
2779,251,1073741827,251,125
2779,252,805306368,252,126
2779,252,805306369,252,135
2779,252,805306370,252,299
2779,252,805306371,252,348
2779,252,1073741824,252,347
2779,252,1073741825,252,298
2779,252,1073741826,252,134
2779,252,1073741827,252,125
2779,253,805306368,253,125
2779,253,805306369,253,135
2779,253,805306370,253,302
2779,253,805306371,253,348
2779,253,1073741824,253,347
2779,253,1073741825,253,301
2779,253,1073741826,253,134
2779,253,1073741827,253,124
2779,254,805306368,254,125
2779,254,805306369,254,135
2779,254,805306370,254,305
2779,254,805306371,254,346
2779,254,1073741824,254,345
2779,254,1073741825,254,304
2779,254,1073741826,254,134
2779,254,1073741827,254,124
2779,255,805306368,255,125
2779,255,805306369,255,135
2779,255,805306370,255,307
2779,255,805306371,255,345
2779,255,1073741824,255,344
2779,255,1073741825,255,306
2779,255,1073741826,255,134
2779,255,1073741827,255,124
2779,256,805306368,256,125
2779,256,805306369,256,130
2779,256,805306370,256,131
2779,256,805306371,256,135
2779,256,805306372,256,310
2779,256,805306373,256,344
2779,256,1073741824,256,343
2779,256,1073741825,256,309
2779,256,1073741826,256,134
2779,256,1073741827,256,130
2779,256,1073741828,256,129
2779,256,1073741829,256,124
2779,257,805306368,257,125
2779,257,805306369,257,130
2779,257,805306370,257,131
2779,257,805306371,257,135
2779,257,805306372,257,312
2779,257,805306373,257,343
2779,257,1073741824,257,342
2779,257,1073741825,257,311
2779,257,1073741826,257,134
2779,257,1073741827,257,130
2779,257,1073741828,257,129
2779,257,1073741829,257,124
2779,258,805306368,258,125
2779,258,805306369,258,129
2779,258,805306370,258,131
2779,258,805306371,258,134
2779,258,805306372,258,315
2779,258,805306373,258,341
2779,258,1073741824,258,340
2779,258,1073741825,258,314
2779,258,1073741826,258,133
2779,258,1073741827,258,130
2779,258,1073741828,258,128
2779,258,1073741829,258,124
2779,259,805306368,259,125
2779,259,805306369,259,129
2779,259,805306370,259,131
2779,259,805306371,259,134
2779,259,805306372,259,319
2779,259,805306373,259,339
2779,259,1073741824,259,338
2779,259,1073741825,259,318
2779,259,1073741826,259,133
2779,259,1073741827,259,130
2779,259,1073741828,259,128
2779,259,1073741829,259,124
2779,260,805306368,260,125
2779,260,805306369,260,128
2779,260,805306370,260,131
2779,260,805306371,260,134
2779,260,805306372,260,324
2779,260,805306373,260,337
2779,260,1073741824,260,336
2779,260,1073741825,260,323
2779,260,1073741826,260,133
2779,260,1073741827,260,130
2779,260,1073741828,260,127
2779,260,1073741829,260,124
2779,261,805306368,261,124
2779,261,805306369,261,128
2779,261,805306370,261,131
2779,261,805306371,261,134
2779,261,805306372,261,330
2779,261,805306373,261,335
2779,261,1073741824,261,334
2779,261,1073741825,261,329
2779,261,1073741826,261,133
2779,261,1073741827,261,130
2779,261,1073741828,261,127
2779,261,1073741829,261,123
2779,262,805306368,262,124
2779,262,805306369,262,128
2779,262,805306370,262,130
2779,262,805306371,262,134
2779,262,1073741824,262,133
2779,262,1073741825,262,129
2779,262,1073741826,262,127
2779,262,1073741827,262,123
2779,263,805306368,263,124
2779,263,805306369,263,128
2779,263,805306370,263,130
2779,263,805306371,263,134
2779,263,1073741824,263,133
2779,263,1073741825,263,129
2779,263,1073741826,263,127
2779,263,1073741827,263,123
2779,264,805306368,264,124
2779,264,805306369,264,128
2779,264,805306370,264,130
2779,264,805306371,264,134
2779,264,1073741824,264,133
2779,264,1073741825,264,129
2779,264,1073741826,264,127
2779,264,1073741827,264,123
2779,265,805306368,265,124
2779,265,805306369,265,127
2779,265,805306370,265,130
2779,265,805306371,265,133
2779,265,1073741824,265,132
2779,265,1073741825,265,129
2779,265,1073741826,265,126
2779,265,1073741827,265,123
2779,266,805306368,266,124
2779,266,805306369,266,127
2779,266,805306370,266,130
2779,266,805306371,266,133
2779,266,1073741824,266,132
2779,266,1073741825,266,129
2779,266,1073741826,266,126
2779,266,1073741827,266,123
2779,267,805306368,267,123
2779,267,805306369,267,127
2779,267,805306370,267,130
2779,267,805306371,267,133
2779,267,1073741824,267,132
2779,267,1073741825,267,129
2779,267,1073741826,267,126
2779,267,1073741827,267,122
2779,268,805306368,268,123
2779,268,805306369,268,127
2779,268,805306370,268,129
2779,268,805306371,268,133
2779,268,1073741824,268,132
2779,268,1073741825,268,128
2779,268,1073741826,268,126
2779,268,1073741827,268,122
2779,269,805306368,269,123
2779,269,805306369,269,127
2779,269,805306370,269,129
2779,269,805306371,269,133
2779,269,1073741824,269,132
2779,269,1073741825,269,128
2779,269,1073741826,269,126
2779,269,1073741827,269,122
2779,270,805306368,270,123
2779,270,805306369,270,127
2779,270,805306370,270,129
2779,270,805306371,270,133
2779,270,1073741824,270,132
2779,270,1073741825,270,128
2779,270,1073741826,270,126
2779,270,1073741827,270,122
2779,271,805306368,271,123
2779,271,805306369,271,127
2779,271,805306370,271,129
2779,271,805306371,271,133
2779,271,1073741824,271,132
2779,271,1073741825,271,128
2779,271,1073741826,271,126
2779,271,1073741827,271,122
2779,272,805306368,272,122
2779,272,805306369,272,126
2779,272,805306370,272,129
2779,272,805306371,272,133
2779,272,1073741824,272,132
2779,272,1073741825,272,128
2779,272,1073741826,272,125
2779,272,1073741827,272,121
2779,273,805306368,273,122
2779,273,805306369,273,126
2779,273,805306370,273,129
2779,273,805306371,273,132
2779,273,1073741824,273,131
2779,273,1073741825,273,128
2779,273,1073741826,273,125
2779,273,1073741827,273,121
2779,274,805306368,274,122
2779,274,805306369,274,126
2779,274,805306370,274,129
2779,274,805306371,274,132
2779,274,1073741824,274,131
2779,274,1073741825,274,128
2779,274,1073741826,274,125
2779,274,1073741827,274,121
2779,275,805306368,275,122
2779,275,805306369,275,126
2779,275,805306370,275,129
2779,275,805306371,275,132
2779,275,1073741824,275,131
2779,275,1073741825,275,128
2779,275,1073741826,275,125
2779,275,1073741827,275,121
2779,276,805306368,276,122
2779,276,805306369,276,126
2779,276,805306370,276,129
2779,276,805306371,276,132
2779,276,1073741824,276,131
2779,276,1073741825,276,128
2779,276,1073741826,276,125
2779,276,1073741827,276,121
2779,277,805306368,277,122
2779,277,805306369,277,126
2779,277,805306370,277,129
2779,277,805306371,277,132
2779,277,1073741824,277,131
2779,277,1073741825,277,128
2779,277,1073741826,277,125
2779,277,1073741827,277,121
2779,278,805306368,278,121
2779,278,805306369,278,126
2779,278,805306370,278,128
2779,278,805306371,278,132
2779,278,1073741824,278,131
2779,278,1073741825,278,127
2779,278,1073741826,278,125
2779,278,1073741827,278,120
2779,279,805306368,279,121
2779,279,805306369,279,127
2779,279,805306370,279,128
2779,279,805306371,279,131
2779,279,1073741824,279,130
2779,279,1073741825,279,127
2779,279,1073741826,279,126
2779,279,1073741827,279,120
2779,280,805306368,280,121
2779,280,805306369,280,131
2779,280,1073741824,280,130
2779,280,1073741825,280,120
2779,281,805306368,281,120
2779,281,805306369,281,131
2779,281,1073741824,281,130
2779,281,1073741825,281,119
2779,282,805306368,282,120
2779,282,805306369,282,131
2779,282,1073741824,282,130
2779,282,1073741825,282,119
2779,283,805306368,283,120
2779,283,805306369,283,132
2779,283,1073741824,283,131
2779,283,1073741825,283,119
2779,284,805306368,284,120
2779,284,805306369,284,132
2779,284,1073741824,284,131
2779,284,1073741825,284,119
2779,285,805306368,285,121
2779,285,805306369,285,133
2779,285,1073741824,285,132
2779,285,1073741825,285,120
2779,286,805306368,286,122
2779,286,805306369,286,134
2779,286,1073741824,286,133
2779,286,1073741825,286,121
2779,287,805306368,287,123
2779,287,805306369,287,135
2779,287,1073741824,287,134
2779,287,1073741825,287,122
2779,288,805306368,288,124
2779,288,805306369,288,134
2779,288,1073741824,288,133
2779,288,1073741825,288,123
2779,289,805306368,289,125
2779,289,805306369,289,135
2779,289,1073741824,289,134
2779,289,1073741825,289,124
2779,290,805306368,290,125
2779,290,805306369,290,135
2779,290,1073741824,290,134
2779,290,1073741825,290,124
2779,291,805306368,291,126
2779,291,805306369,291,134
2779,291,1073741824,291,133
2779,291,1073741825,291,125
2779,292,805306368,292,128
2779,292,805306369,292,134
2779,292,1073741824,292,133
2779,292,1073741825,292,127
2779,293,805306368,293,129
2779,293,805306369,293,133
2779,293,1073741824,293,132
2779,293,1073741825,293,128
2779,294,805306368,294,130
2779,294,805306369,294,132
2779,294,1073741824,294,131
2779,294,1073741825,294,129
2779,295,1879048192,295,0
2779,295,2147483648,295,359
2779,296,1879048192,296,0
2779,296,2147483648,296,359
2779,297,1879048192,297,0
2779,297,2147483648,297,359
2779,298,1879048192,298,0
2779,298,2147483648,298,359
2779,299,1879048192,299,0
2779,299,2147483648,299,359
2779,300,1879048192,300,0
2779,300,2147483648,300,359
2779,301,1879048192,301,0
2779,301,2147483648,301,359
2779,302,1879048192,302,0
2779,302,2147483648,302,359
2779,303,1879048192,303,0
2779,303,2147483648,303,359
2779,304,1879048192,304,0
2779,304,2147483648,304,359
2779,305,1879048192,305,0
2779,305,2147483648,305,359
2779,306,1879048192,306,0
2779,306,2147483648,306,359
2779,307,1879048192,307,0
2779,307,2147483648,307,359
2779,308,1879048192,308,0
2779,308,2147483648,308,359
2779,309,1879048192,309,0
2779,309,2147483648,309,359
2779,310,1879048192,310,0
2779,310,2147483648,310,359
2779,311,1879048192,311,0
2779,311,2147483648,311,359
2779,312,1879048192,312,0
2779,312,2147483648,312,359
2779,313,1879048192,313,0
2779,313,2147483648,313,359
2779,314,1879048192,314,0
2779,314,2147483648,314,359
2779,315,1879048192,315,0
2779,315,2147483648,315,359
2779,316,1879048192,316,0
2779,316,2147483648,316,359
2779,317,1879048192,317,0
2779,317,2147483648,317,359
2779,318,1879048192,318,0
2779,318,2147483648,318,359
2779,319,1879048192,319,0
2779,319,2147483648,319,359
2779,320,1879048192,320,0
2779,320,2147483648,320,359
2779,321,1879048192,321,0
2779,321,2147483648,321,359
2779,322,1879048192,322,0
2779,322,2147483648,322,359
2779,323,1879048192,323,0
2779,323,2147483648,323,359
2779,324,1879048192,324,0
2779,324,2147483648,324,359
2779,325,1879048192,325,0
2779,325,2147483648,325,359
2779,326,1879048192,326,0
2779,326,2147483648,326,359
2779,327,1879048192,327,0
2779,327,2147483648,327,359
2779,328,1879048192,328,0
2779,328,2147483648,328,359
2779,329,1879048192,329,0
2779,329,2147483648,329,359
2779,330,1879048192,330,0
2779,330,2147483648,330,359
2779,331,1879048192,331,0
2779,331,2147483648,331,359
2779,332,1879048192,332,0
2779,332,2147483648,332,359
2779,333,1879048192,333,0
2779,333,2147483648,333,359
2779,334,1879048192,334,0
2779,334,2147483648,334,359
2779,335,1879048192,335,0
2779,335,2147483648,335,359
2779,336,1879048192,336,0
2779,336,2147483648,336,359
2779,337,1879048192,337,0
2779,337,2147483648,337,359
2779,338,1879048192,338,0
2779,338,2147483648,338,359
2779,339,1879048192,339,0
2779,339,2147483648,339,359
2779,340,1879048192,340,0
2779,340,2147483648,340,359
2779,341,1879048192,341,0
2779,341,2147483648,341,359
2779,342,1879048192,342,0
2779,342,2147483648,342,359
2779,343,1879048192,343,0
2779,343,2147483648,343,359
2779,344,1879048192,344,0
2779,344,2147483648,344,359
2779,345,1879048192,345,0
2779,345,2147483648,345,359
2779,346,1879048192,346,0
2779,346,2147483648,346,359
2779,347,1879048192,347,0
2779,347,2147483648,347,359
2779,348,1879048192,348,0
2779,348,2147483648,348,359
2779,349,1879048192,349,0
2779,349,2147483648,349,359
2779,350,1879048192,350,0
2779,350,2147483648,350,359
2779,351,1879048192,351,0
2779,351,2147483648,351,359
2779,352,1879048192,352,0
2779,352,2147483648,352,359
2779,353,1879048192,353,0
2779,353,2147483648,353,359
2779,354,1879048192,354,0
2779,354,2147483648,354,359
2779,355,1879048192,355,0
2779,355,2147483648,355,359
2779,356,1879048192,356,0
2779,356,2147483648,356,359
2779,357,1879048192,357,0
2779,357,2147483648,357,359
2779,358,1879048192,358,0
2779,358,2147483648,358,359
2779,359,1879048192,359,0
2779,359,2147483648,359,359
2779,360,1879048192,360,0
2779,360,2147483648,360,359
2779,361,1879048192,361,0
2779,361,2147483648,361,359
2779,362,1879048192,362,0
2779,362,2147483648,362,359
