Frame,Part of frame,Layer,X,Y
214,413,536870912,413,112
214,230,536870913,230,112
214,229,536870914,229,112
214,226,536870915,226,112
214,226,268435456,226,113
214,229,268435457,229,113
214,231,268435458,231,113
214,414,268435459,414,113
214,413,536870912,413,113
214,230,536870913,230,113
214,228,536870914,228,113
214,225,536870915,225,113
214,226,268435456,226,114
214,229,268435457,229,114
214,231,268435458,231,114
214,414,268435459,414,114
214,413,536870912,413,114
214,230,536870913,230,114
214,228,536870914,228,114
214,225,536870915,225,114
214,224,268435456,224,115
214,227,268435457,227,115
214,231,268435458,231,115
214,414,268435459,414,115
214,413,536870912,413,115
214,230,536870913,230,115
214,226,536870914,226,115
214,223,536870915,223,115
214,224,268435456,224,116
214,225,268435457,225,116
214,230,268435458,230,116
214,415,268435459,415,116
214,414,536870912,414,116
214,229,536870913,229,116
214,224,536870914,224,116
214,223,536870915,223,116
214,230,268435456,230,117
214,415,268435457,415,117
214,414,536870912,414,117
214,229,536870913,229,117
214,230,268435456,230,118
214,231,268435457,231,118
214,233,268435458,233,118
214,415,268435459,415,118
214,414,536870912,414,118
214,232,536870913,232,118
214,230,536870914,230,118
214,229,536870915,229,118
214,233,268435456,233,119
214,415,268435457,415,119
214,414,536870912,414,119
214,232,536870913,232,119
214,232,268435456,232,120
214,416,268435457,416,120
214,415,536870912,415,120
214,231,536870913,231,120
214,232,268435456,232,121
214,416,268435457,416,121
214,415,536870912,415,121
214,231,536870913,231,121
214,232,268435456,232,122
214,416,268435457,416,122
214,415,536870912,415,122
214,231,536870913,231,122
214,232,268435456,232,123
214,416,268435457,416,123
214,415,536870912,415,123
214,231,536870913,231,123
214,232,268435456,232,124
214,416,268435457,416,124
214,415,536870912,415,124
214,231,536870913,231,124
214,232,268435456,232,125
214,416,268435457,416,125
214,415,536870912,415,125
214,231,536870913,231,125
214,232,268435456,232,126
214,417,268435457,417,126
214,416,536870912,416,126
214,231,536870913,231,126
214,232,268435456,232,127
214,417,268435457,417,127
214,416,536870912,416,127
214,231,536870913,231,127
214,232,268435456,232,128
214,417,268435457,417,128
214,416,536870912,416,128
214,231,536870913,231,128
214,232,268435456,232,129
214,234,268435457,234,129
214,235,268435458,235,129
214,417,268435459,417,129
214,416,536870912,416,129
214,234,536870913,234,129
214,233,536870914,233,129
214,231,536870915,231,129
214,232,268435456,232,130
214,234,268435457,234,130
214,235,268435458,235,130
214,418,268435459,418,130
214,417,536870912,417,130
214,234,536870913,234,130
214,233,536870914,233,130
214,231,536870915,231,130
214,232,268435456,232,131
214,234,268435457,234,131
214,236,268435458,236,131
214,418,268435459,418,131
214,417,536870912,417,131
214,235,536870913,235,131
214,233,536870914,233,131
214,231,536870915,231,131
214,232,268435456,232,132
214,233,268435457,233,132
214,236,268435458,236,132
214,238,268435459,238,132
214,239,268435460,239,132
214,418,268435461,418,132
214,417,536870912,417,132
214,238,536870913,238,132
214,237,536870914,237,132
214,235,536870915,235,132
214,232,536870916,232,132
214,231,536870917,231,132
214,236,268435456,236,133
214,238,268435457,238,133
214,239,268435458,239,133
214,418,268435459,418,133
214,417,536870912,417,133
214,238,536870913,238,133
214,237,536870914,237,133
214,235,536870915,235,133
214,236,268435456,236,134
214,238,268435457,238,134
214,239,268435458,239,134
214,418,268435459,418,134
214,417,536870912,417,134
214,238,536870913,238,134
214,237,536870914,237,134
214,235,536870915,235,134
214,237,268435456,237,135
214,239,268435457,239,135
214,240,268435458,240,135
214,418,268435459,418,135
214,417,536870912,417,135
214,239,536870913,239,135
214,238,536870914,238,135
214,236,536870915,236,135
214,237,268435456,237,136
214,239,268435457,239,136
214,240,268435458,240,136
214,418,268435459,418,136
214,417,536870912,417,136
214,239,536870913,239,136
214,238,536870914,238,136
214,236,536870915,236,136
214,238,268435456,238,137
214,239,268435457,239,137
214,240,268435458,240,137
214,419,268435459,419,137
214,418,536870912,418,137
214,239,536870913,239,137
214,238,536870914,238,137
214,237,536870915,237,137
214,241,268435456,241,138
214,252,268435457,252,138
214,253,268435458,253,138
214,419,268435459,419,138
214,418,536870912,418,138
214,252,536870913,252,138
214,251,536870914,251,138
214,240,536870915,240,138
214,242,268435456,242,139
214,244,268435457,244,139
214,245,268435458,245,139
214,252,268435459,252,139
214,253,268435460,253,139
214,419,268435461,419,139
214,418,536870912,418,139
214,252,536870913,252,139
214,251,536870914,251,139
214,244,536870915,244,139
214,243,536870916,243,139
214,241,536870917,241,139
214,243,268435456,243,140
214,244,268435457,244,140
214,245,268435458,245,140
214,252,268435459,252,140
214,254,268435460,254,140
214,419,268435461,419,140
214,418,536870912,418,140
214,253,536870913,253,140
214,251,536870914,251,140
214,244,536870915,244,140
214,243,536870916,243,140
214,242,536870917,242,140
214,246,268435456,246,141
214,253,268435457,253,141
214,254,268435458,254,141
214,419,268435459,419,141
214,418,536870912,418,141
214,253,536870913,253,141
214,252,536870914,252,141
214,245,536870915,245,141
214,249,268435456,249,142
214,253,268435457,253,142
214,255,268435458,255,142
214,419,268435459,419,142
214,418,536870912,418,142
214,254,536870913,254,142
214,252,536870914,252,142
214,248,536870915,248,142
214,249,268435456,249,143
214,254,268435457,254,143
214,255,268435458,255,143
214,419,268435459,419,143
214,418,536870912,418,143
214,254,536870913,254,143
214,253,536870914,253,143
214,248,536870915,248,143
214,250,268435456,250,144
214,254,268435457,254,144
214,255,268435458,255,144
214,258,268435459,258,144
214,259,268435460,259,144
214,419,268435461,419,144
214,418,536870912,418,144
214,258,536870913,258,144
214,257,536870914,257,144
214,254,536870915,254,144
214,253,536870916,253,144
214,249,536870917,249,144
214,251,268435456,251,145
214,254,268435457,254,145
214,256,268435458,256,145
214,258,268435459,258,145
214,259,268435460,259,145
214,420,268435461,420,145
214,419,536870912,419,145
214,258,536870913,258,145
214,257,536870914,257,145
214,255,536870915,255,145
214,253,536870916,253,145
214,250,536870917,250,145
214,252,268435456,252,146
214,255,268435457,255,146
214,256,268435458,256,146
214,258,268435459,258,146
214,260,268435460,260,146
214,420,268435461,420,146
214,419,536870912,419,146
214,259,536870913,259,146
214,257,536870914,257,146
214,255,536870915,255,146
214,254,536870916,254,146
214,251,536870917,251,146
214,253,268435456,253,147
214,255,268435457,255,147
214,257,268435458,257,147
214,258,268435459,258,147
214,260,268435460,260,147
214,420,268435461,420,147
214,419,536870912,419,147
214,259,536870913,259,147
214,257,536870914,257,147
214,256,536870915,256,147
214,254,536870916,254,147
214,252,536870917,252,147
214,254,268435456,254,148
214,255,268435457,255,148
214,257,268435458,257,148
214,258,268435459,258,148
214,260,268435460,260,148
214,420,268435461,420,148
214,419,536870912,419,148
214,259,536870913,259,148
214,257,536870914,257,148
214,256,536870915,256,148
214,254,536870916,254,148
214,253,536870917,253,148
214,260,268435456,260,149
214,420,268435457,420,149
214,419,536870912,419,149
214,259,536870913,259,149
214,260,268435456,260,150
214,420,268435457,420,150
214,419,536870912,419,150
214,259,536870913,259,150
214,260,268435456,260,151
214,420,268435457,420,151
214,419,536870912,419,151
214,259,536870913,259,151
214,259,268435456,259,152
214,420,268435457,420,152
214,419,536870912,419,152
214,258,536870913,258,152
214,259,268435456,259,153
214,420,268435457,420,153
214,419,536870912,419,153
214,258,536870913,258,153
214,259,268435456,259,154
214,420,268435457,420,154
214,419,536870912,419,154
214,258,536870913,258,154
214,258,268435456,258,155
214,420,268435457,420,155
214,419,536870912,419,155
214,257,536870913,257,155
214,258,268435456,258,156
214,421,268435457,421,156
214,420,536870912,420,156
214,257,536870913,257,156
214,257,268435456,257,157
214,421,268435457,421,157
214,420,536870912,420,157
214,256,536870913,256,157
214,256,268435456,256,158
214,421,268435457,421,158
214,420,536870912,420,158
214,255,536870913,255,158
214,256,268435456,256,159
214,421,268435457,421,159
214,420,536870912,420,159
214,255,536870913,255,159
214,255,268435456,255,160
214,421,268435457,421,160
214,420,536870912,420,160
214,254,536870913,254,160
214,253,268435456,253,161
214,421,268435457,421,161
214,420,536870912,420,161
214,252,536870913,252,161
214,252,268435456,252,162
214,421,268435457,421,162
214,420,536870912,420,162
214,251,536870913,251,162
214,252,268435456,252,163
214,421,268435457,421,163
214,420,536870912,420,163
214,251,536870913,251,163
214,252,268435456,252,164
214,421,268435457,421,164
214,420,536870912,420,164
214,251,536870913,251,164
214,253,268435456,253,165
214,421,268435457,421,165
214,420,536870912,420,165
214,252,536870913,252,165
214,254,268435456,254,166
214,421,268435457,421,166
214,420,536870912,420,166
214,253,536870913,253,166
214,255,268435456,255,167
214,421,268435457,421,167
214,420,536870912,420,167
214,254,536870913,254,167
214,256,268435456,256,168
214,421,268435457,421,168
214,420,536870912,420,168
214,255,536870913,255,168
214,259,268435456,259,169
214,421,268435457,421,169
214,420,536870912,420,169
214,258,536870913,258,169
214,261,268435456,261,170
214,421,268435457,421,170
214,420,536870912,420,170
214,260,536870913,260,170
214,261,268435456,261,171
214,421,268435457,421,171
214,420,536870912,420,171
214,260,536870913,260,171
214,262,268435456,262,172
214,421,268435457,421,172
214,420,536870912,420,172
214,261,536870913,261,172
214,262,268435456,262,173
214,421,268435457,421,173
214,420,536870912,420,173
214,261,536870913,261,173
214,262,268435456,262,174
214,421,268435457,421,174
214,420,536870912,420,174
214,261,536870913,261,174
214,262,268435456,262,175
214,421,268435457,421,175
214,420,536870912,420,175
214,261,536870913,261,175
214,263,268435456,263,176
214,421,268435457,421,176
214,420,536870912,420,176
214,262,536870913,262,176
214,263,268435456,263,177
214,421,268435457,421,177
214,420,536870912,420,177
214,262,536870913,262,177
214,264,268435456,264,178
214,421,268435457,421,178
214,420,536870912,420,178
214,263,536870913,263,178
214,265,268435456,265,179
214,421,268435457,421,179
214,420,536870912,420,179
214,264,536870913,264,179
214,268,268435456,268,180
214,421,268435457,421,180
214,420,536870912,420,180
214,267,536870913,267,180
214,268,268435456,268,181
214,422,268435457,422,181
214,421,536870912,421,181
214,267,536870913,267,181
214,269,268435456,269,182
214,422,268435457,422,182
214,421,536870912,421,182
214,268,536870913,268,182
214,269,268435456,269,183
214,422,268435457,422,183
214,421,536870912,421,183
214,268,536870913,268,183
214,269,268435456,269,184
214,422,268435457,422,184
214,421,536870912,421,184
214,268,536870913,268,184
214,271,268435456,271,185
214,422,268435457,422,185
214,421,536870912,421,185
214,270,536870913,270,185
214,272,268435456,272,186
214,422,268435457,422,186
214,421,536870912,421,186
214,271,536870913,271,186
214,273,268435456,273,187
214,422,268435457,422,187
214,421,536870912,421,187
214,272,536870913,272,187
214,274,268435456,274,188
214,422,268435457,422,188
214,421,536870912,421,188
214,273,536870913,273,188
214,274,268435456,274,189
214,422,268435457,422,189
214,421,536870912,421,189
214,273,536870913,273,189
214,275,268435456,275,190
214,422,268435457,422,190
214,421,536870912,421,190
214,274,536870913,274,190
214,275,268435456,275,191
214,422,268435457,422,191
214,421,536870912,421,191
214,274,536870913,274,191
214,276,268435456,276,192
214,422,268435457,422,192
214,421,536870912,421,192
214,275,536870913,275,192
214,277,268435456,277,193
214,422,268435457,422,193
214,421,536870912,421,193
214,276,536870913,276,193
214,277,268435456,277,194
214,422,268435457,422,194
214,421,536870912,421,194
214,276,536870913,276,194
214,278,268435456,278,195
214,422,268435457,422,195
214,421,536870912,421,195
214,277,536870913,277,195
214,278,268435456,278,196
214,303,268435457,303,196
214,304,268435458,304,196
214,422,268435459,422,196
214,421,536870912,421,196
214,303,536870913,303,196
214,302,536870914,302,196
214,277,536870915,277,196
214,179,268435456,179,197
214,181,268435457,181,197
214,278,268435458,278,197
214,303,268435459,303,197
214,304,268435460,304,197
214,422,268435461,422,197
214,421,536870912,421,197
214,303,536870913,303,197
214,302,536870914,302,197
214,277,536870915,277,197
214,180,536870916,180,197
214,178,536870917,178,197
214,178,268435456,178,198
214,181,268435457,181,198
214,278,268435458,278,198
214,303,268435459,303,198
214,305,268435460,305,198
214,422,268435461,422,198
214,421,536870912,421,198
214,304,536870913,304,198
214,302,536870914,302,198
214,277,536870915,277,198
214,180,536870916,180,198
214,177,536870917,177,198
214,178,268435456,178,199
214,181,268435457,181,199
214,278,268435458,278,199
214,303,268435459,303,199
214,305,268435460,305,199
214,422,268435461,422,199
214,421,536870912,421,199
214,304,536870913,304,199
214,302,536870914,302,199
214,277,536870915,277,199
214,180,536870916,180,199
214,177,536870917,177,199
214,178,268435456,178,200
214,181,268435457,181,200
214,277,268435458,277,200
214,303,268435459,303,200
214,306,268435460,306,200
214,422,268435461,422,200
214,421,536870912,421,200
214,305,536870913,305,200
214,302,536870914,302,200
214,276,536870915,276,200
214,180,536870916,180,200
214,177,536870917,177,200
214,178,268435456,178,201
214,182,268435457,182,201
214,277,268435458,277,201
214,303,268435459,303,201
214,306,268435460,306,201
214,422,268435461,422,201
214,421,536870912,421,201
214,305,536870913,305,201
214,302,536870914,302,201
214,276,536870915,276,201
214,181,536870916,181,201
214,177,536870917,177,201
214,178,268435456,178,202
214,182,268435457,182,202
214,277,268435458,277,202
214,303,268435459,303,202
214,307,268435460,307,202
214,422,268435461,422,202
214,421,536870912,421,202
214,306,536870913,306,202
214,302,536870914,302,202
214,276,536870915,276,202
214,181,536870916,181,202
214,177,536870917,177,202
214,178,268435456,178,203
214,182,268435457,182,203
214,277,268435458,277,203
214,303,268435459,303,203
214,307,268435460,307,203
214,422,268435461,422,203
214,421,536870912,421,203
214,306,536870913,306,203
214,302,536870914,302,203
214,276,536870915,276,203
214,181,536870916,181,203
214,177,536870917,177,203
214,179,268435456,179,204
214,181,268435457,181,204
214,192,268435458,192,204
214,204,268435459,204,204
214,277,268435460,277,204
214,303,268435461,303,204
214,308,268435462,308,204
214,422,268435463,422,204
214,421,536870912,421,204
214,307,536870913,307,204
214,302,536870914,302,204
214,276,536870915,276,204
214,203,536870916,203,204
214,191,536870917,191,204
214,180,536870918,180,204
214,178,536870919,178,204
214,179,268435456,179,205
214,182,268435457,182,205
214,183,268435458,183,205
214,206,268435459,206,205
214,277,268435460,277,205
214,303,268435461,303,205
214,308,268435462,308,205
214,422,268435463,422,205
214,421,536870912,421,205
214,307,536870913,307,205
214,302,536870914,302,205
214,276,536870915,276,205
214,205,536870916,205,205
214,182,536870917,182,205
214,181,536870918,181,205
214,178,536870919,178,205
214,179,268435456,179,206
214,208,268435457,208,206
214,277,268435458,277,206
214,303,268435459,303,206
214,308,268435460,308,206
214,422,268435461,422,206
214,421,536870912,421,206
214,307,536870913,307,206
214,302,536870914,302,206
214,276,536870915,276,206
214,207,536870916,207,206
214,178,536870917,178,206
214,177,268435456,177,207
214,209,268435457,209,207
214,277,268435458,277,207
214,303,268435459,303,207
214,306,268435460,306,207
214,422,268435461,422,207
214,421,536870912,421,207
214,305,536870913,305,207
214,302,536870914,302,207
214,276,536870915,276,207
214,208,536870916,208,207
214,176,536870917,176,207
214,174,268435456,174,208
214,211,268435457,211,208
214,276,268435458,276,208
214,302,268435459,302,208
214,305,268435460,305,208
214,422,268435461,422,208
214,421,536870912,421,208
214,304,536870913,304,208
214,301,536870914,301,208
214,275,536870915,275,208
214,210,536870916,210,208
214,173,536870917,173,208
214,171,268435456,171,209
214,211,268435457,211,209
214,276,268435458,276,209
214,302,268435459,302,209
214,304,268435460,304,209
214,422,268435461,422,209
214,421,536870912,421,209
214,303,536870913,303,209
214,301,536870914,301,209
214,275,536870915,275,209
214,210,536870916,210,209
214,170,536870917,170,209
214,168,268435456,168,210
214,212,268435457,212,210
214,278,268435458,278,210
214,422,268435459,422,210
214,421,536870912,421,210
214,277,536870913,277,210
214,211,536870914,211,210
214,167,536870915,167,210
214,166,268435456,166,211
214,213,268435457,213,211
214,280,268435458,280,211
214,422,268435459,422,211
214,421,536870912,421,211
214,279,536870913,279,211
214,212,536870914,212,211
214,165,536870915,165,211
214,164,268435456,164,212
214,214,268435457,214,212
214,280,268435458,280,212
214,422,268435459,422,212
214,421,536870912,421,212
214,279,536870913,279,212
214,213,536870914,213,212
214,163,536870915,163,212
214,162,268435456,162,213
214,214,268435457,214,213
214,280,268435458,280,213
214,399,268435459,399,213
214,400,268435460,400,213
214,422,268435461,422,213
214,421,536870912,421,213
214,399,536870913,399,213
214,398,536870914,398,213
214,279,536870915,279,213
214,213,536870916,213,213
214,161,536870917,161,213
214,161,268435456,161,214
214,214,268435457,214,214
214,280,268435458,280,214
214,399,268435459,399,214
214,400,268435460,400,214
214,422,268435461,422,214
214,421,536870912,421,214
214,399,536870913,399,214
214,398,536870914,398,214
214,279,536870915,279,214
214,213,536870916,213,214
214,160,536870917,160,214
214,159,268435456,159,215
214,215,268435457,215,215
214,280,268435458,280,215
214,399,268435459,399,215
214,401,268435460,401,215
214,422,268435461,422,215
214,421,536870912,421,215
214,400,536870913,400,215
214,398,536870914,398,215
214,279,536870915,279,215
214,214,536870916,214,215
214,158,536870917,158,215
214,158,268435456,158,216
214,215,268435457,215,216
214,279,268435458,279,216
214,399,268435459,399,216
214,401,268435460,401,216
214,423,268435461,423,216
214,422,536870912,422,216
214,400,536870913,400,216
214,398,536870914,398,216
214,278,536870915,278,216
214,214,536870916,214,216
214,157,536870917,157,216
214,156,268435456,156,217
214,216,268435457,216,217
214,279,268435458,279,217
214,399,268435459,399,217
214,401,268435460,401,217
214,423,268435461,423,217
214,422,536870912,422,217
214,400,536870913,400,217
214,398,536870914,398,217
214,278,536870915,278,217
214,215,536870916,215,217
214,155,536870917,155,217
214,155,268435456,155,218
214,216,268435457,216,218
214,279,268435458,279,218
214,400,268435459,400,218
214,401,268435460,401,218
214,423,268435461,423,218
214,422,536870912,422,218
214,400,536870913,400,218
214,399,536870914,399,218
214,278,536870915,278,218
214,215,536870916,215,218
214,154,536870917,154,218
214,155,268435456,155,219
214,216,268435457,216,219
214,281,268435458,281,219
214,400,268435459,400,219
214,402,268435460,402,219
214,423,268435461,423,219
214,422,536870912,422,219
214,401,536870913,401,219
214,399,536870914,399,219
214,280,536870915,280,219
214,215,536870916,215,219
214,154,536870917,154,219
214,155,268435456,155,220
214,217,268435457,217,220
214,281,268435458,281,220
214,400,268435459,400,220
214,402,268435460,402,220
214,423,268435461,423,220
214,422,536870912,422,220
214,401,536870913,401,220
214,399,536870914,399,220
214,280,536870915,280,220
214,216,536870916,216,220
214,154,536870917,154,220
214,154,268435456,154,221
214,217,268435457,217,221
214,282,268435458,282,221
214,400,268435459,400,221
214,402,268435460,402,221
214,423,268435461,423,221
214,422,536870912,422,221
214,401,536870913,401,221
214,399,536870914,399,221
214,281,536870915,281,221
214,216,536870916,216,221
214,153,536870917,153,221
214,154,268435456,154,222
214,217,268435457,217,222
214,282,268435458,282,222
214,400,268435459,400,222
214,403,268435460,403,222
214,423,268435461,423,222
214,422,536870912,422,222
214,402,536870913,402,222
214,399,536870914,399,222
214,281,536870915,281,222
214,216,536870916,216,222
214,153,536870917,153,222
214,154,268435456,154,223
214,217,268435457,217,223
214,282,268435458,282,223
214,401,268435459,401,223
214,403,268435460,403,223
214,423,268435461,423,223
214,422,536870912,422,223
214,402,536870913,402,223
214,400,536870914,400,223
214,281,536870915,281,223
214,216,536870916,216,223
214,153,536870917,153,223
214,153,268435456,153,224
214,218,268435457,218,224
214,282,268435458,282,224
214,401,268435459,401,224
214,403,268435460,403,224
214,423,268435461,423,224
214,422,536870912,422,224
214,402,536870913,402,224
214,400,536870914,400,224
214,281,536870915,281,224
214,217,536870916,217,224
214,152,536870917,152,224
214,153,268435456,153,225
214,218,268435457,218,225
214,282,268435458,282,225
214,401,268435459,401,225
214,404,268435460,404,225
214,423,268435461,423,225
214,422,536870912,422,225
214,403,536870913,403,225
214,400,536870914,400,225
214,281,536870915,281,225
214,217,536870916,217,225
214,152,536870917,152,225
214,153,268435456,153,226
214,218,268435457,218,226
214,282,268435458,282,226
214,401,268435459,401,226
214,404,268435460,404,226
214,423,268435461,423,226
214,422,536870912,422,226
214,403,536870913,403,226
214,400,536870914,400,226
214,281,536870915,281,226
214,217,536870916,217,226
214,152,536870917,152,226
214,153,268435456,153,227
214,218,268435457,218,227
214,283,268435458,283,227
214,401,268435459,401,227
214,404,268435460,404,227
214,423,268435461,423,227
214,422,536870912,422,227
214,403,536870913,403,227
214,400,536870914,400,227
214,282,536870915,282,227
214,217,536870916,217,227
214,152,536870917,152,227
214,153,268435456,153,228
214,218,268435457,218,228
214,283,268435458,283,228
214,401,268435459,401,228
214,405,268435460,405,228
214,423,268435461,423,228
214,422,536870912,422,228
214,404,536870913,404,228
214,400,536870914,400,228
214,282,536870915,282,228
214,217,536870916,217,228
214,152,536870917,152,228
214,152,268435456,152,229
214,218,268435457,218,229
214,283,268435458,283,229
214,401,268435459,401,229
214,405,268435460,405,229
214,423,268435461,423,229
214,422,536870912,422,229
214,404,536870913,404,229
214,400,536870914,400,229
214,282,536870915,282,229
214,217,536870916,217,229
214,151,536870917,151,229
214,152,268435456,152,230
214,218,268435457,218,230
214,283,268435458,283,230
214,402,268435459,402,230
214,405,268435460,405,230
214,412,268435461,412,230
214,414,268435462,414,230
214,423,268435463,423,230
214,422,536870912,422,230
214,413,536870913,413,230
214,411,536870914,411,230
214,404,536870915,404,230
214,401,536870916,401,230
214,282,536870917,282,230
214,217,536870918,217,230
214,151,536870919,151,230
214,152,268435456,152,231
214,218,268435457,218,231
214,283,268435458,283,231
214,402,268435459,402,231
214,405,268435460,405,231
214,413,268435461,413,231
214,415,268435462,415,231
214,424,268435463,424,231
214,423,536870912,423,231
214,414,536870913,414,231
214,412,536870914,412,231
214,404,536870915,404,231
214,401,536870916,401,231
214,282,536870917,282,231
214,217,536870918,217,231
214,151,536870919,151,231
214,151,268435456,151,232
214,218,268435457,218,232
214,283,268435458,283,232
214,402,268435459,402,232
214,406,268435460,406,232
214,413,268435461,413,232
214,415,268435462,415,232
214,424,268435463,424,232
214,423,536870912,423,232
214,414,536870913,414,232
214,412,536870914,412,232
214,405,536870915,405,232
214,401,536870916,401,232
214,282,536870917,282,232
214,217,536870918,217,232
214,150,536870919,150,232
214,151,268435456,151,233
214,218,268435457,218,233
214,284,268435458,284,233
214,395,268435459,395,233
214,396,268435460,396,233
214,402,268435461,402,233
214,406,268435462,406,233
214,413,268435463,413,233
214,416,268435464,416,233
214,424,268435465,424,233
214,423,536870912,423,233
214,415,536870913,415,233
214,412,536870914,412,233
214,405,536870915,405,233
214,401,536870916,401,233
214,395,536870917,395,233
214,394,536870918,394,233
214,283,536870919,283,233
214,217,536870920,217,233
214,150,536870921,150,233
214,151,268435456,151,234
214,218,268435457,218,234
214,284,268435458,284,234
214,394,268435459,394,234
214,396,268435460,396,234
214,402,268435461,402,234
214,407,268435462,407,234
214,413,268435463,413,234
214,416,268435464,416,234
214,424,268435465,424,234
214,423,536870912,423,234
214,415,536870913,415,234
214,412,536870914,412,234
214,406,536870915,406,234
214,401,536870916,401,234
214,395,536870917,395,234
214,393,536870918,393,234
214,283,536870919,283,234
214,217,536870920,217,234
214,150,536870921,150,234
214,150,268435456,150,235
214,218,268435457,218,235
214,284,268435458,284,235
214,394,268435459,394,235
214,397,268435460,397,235
214,403,268435461,403,235
214,407,268435462,407,235
214,413,268435463,413,235
214,417,268435464,417,235
214,424,268435465,424,235
214,423,536870912,423,235
214,416,536870913,416,235
214,412,536870914,412,235
214,406,536870915,406,235
214,402,536870916,402,235
214,396,536870917,396,235
214,393,536870918,393,235
214,283,536870919,283,235
214,217,536870920,217,235
214,149,536870921,149,235
214,150,268435456,150,236
214,218,268435457,218,236
214,284,268435458,284,236
214,394,268435459,394,236
214,397,268435460,397,236
214,403,268435461,403,236
214,408,268435462,408,236
214,414,268435463,414,236
214,418,268435464,418,236
214,424,268435465,424,236
214,423,536870912,423,236
214,417,536870913,417,236
214,413,536870914,413,236
214,407,536870915,407,236
214,402,536870916,402,236
214,396,536870917,396,236
214,393,536870918,393,236
214,283,536870919,283,236
214,217,536870920,217,236
214,149,536870921,149,236
214,150,268435456,150,237
214,218,268435457,218,237
214,284,268435458,284,237
214,394,268435459,394,237
214,398,268435460,398,237
214,403,268435461,403,237
214,408,268435462,408,237
214,414,268435463,414,237
214,418,268435464,418,237
214,424,268435465,424,237
214,423,536870912,423,237
214,417,536870913,417,237
214,413,536870914,413,237
214,407,536870915,407,237
214,402,536870916,402,237
214,397,536870917,397,237
214,393,536870918,393,237
214,283,536870919,283,237
214,217,536870920,217,237
214,149,536870921,149,237
214,151,268435456,151,238
214,218,268435457,218,238
214,285,268435458,285,238
214,394,268435459,394,238
214,398,268435460,398,238
214,403,268435461,403,238
214,409,268435462,409,238
214,414,268435463,414,238
214,419,268435464,419,238
214,425,268435465,425,238
214,424,536870912,424,238
214,418,536870913,418,238
214,413,536870914,413,238
214,408,536870915,408,238
214,402,536870916,402,238
214,397,536870917,397,238
214,393,536870918,393,238
214,284,536870919,284,238
214,217,536870920,217,238
214,150,536870921,150,238
214,151,268435456,151,239
214,218,268435457,218,239
214,285,268435458,285,239
214,394,268435459,394,239
214,398,268435460,398,239
214,403,268435461,403,239
214,409,268435462,409,239
214,414,268435463,414,239
214,419,268435464,419,239
214,425,268435465,425,239
214,424,536870912,424,239
214,418,536870913,418,239
214,413,536870914,413,239
214,408,536870915,408,239
214,402,536870916,402,239
214,397,536870917,397,239
214,393,536870918,393,239
214,284,536870919,284,239
214,217,536870920,217,239
214,150,536870921,150,239
214,151,268435456,151,240
214,218,268435457,218,240
214,285,268435458,285,240
214,394,268435459,394,240
214,399,268435460,399,240
214,404,268435461,404,240
214,409,268435462,409,240
214,414,268435463,414,240
214,420,268435464,420,240
214,425,268435465,425,240
214,424,536870912,424,240
214,419,536870913,419,240
214,413,536870914,413,240
214,408,536870915,408,240
214,403,536870916,403,240
214,398,536870917,398,240
214,393,536870918,393,240
214,284,536870919,284,240
214,217,536870920,217,240
214,150,536870921,150,240
214,152,268435456,152,241
214,218,268435457,218,241
214,285,268435458,285,241
214,394,268435459,394,241
214,399,268435460,399,241
214,404,268435461,404,241
214,410,268435462,410,241
214,415,268435463,415,241
214,421,268435464,421,241
214,425,268435465,425,241
214,424,536870912,424,241
214,420,536870913,420,241
214,414,536870914,414,241
214,409,536870915,409,241
214,403,536870916,403,241
214,398,536870917,398,241
214,393,536870918,393,241
214,284,536870919,284,241
214,217,536870920,217,241
214,151,536870921,151,241
214,152,268435456,152,242
214,218,268435457,218,242
214,285,268435458,285,242
214,395,268435459,395,242
214,400,268435460,400,242
214,404,268435461,404,242
214,411,268435462,411,242
214,415,268435463,415,242
214,422,268435464,422,242
214,425,268435465,425,242
214,424,536870912,424,242
214,421,536870913,421,242
214,414,536870914,414,242
214,410,536870915,410,242
214,403,536870916,403,242
214,399,536870917,399,242
214,394,536870918,394,242
214,284,536870919,284,242
214,217,536870920,217,242
214,151,536870921,151,242
214,152,268435456,152,243
214,217,268435457,217,243
214,285,268435458,285,243
214,395,268435459,395,243
214,400,268435460,400,243
214,403,268435461,403,243
214,411,268435462,411,243
214,415,268435463,415,243
214,422,268435464,422,243
214,425,268435465,425,243
214,424,536870912,424,243
214,421,536870913,421,243
214,414,536870914,414,243
214,410,536870915,410,243
214,402,536870916,402,243
214,399,536870917,399,243
214,394,536870918,394,243
214,284,536870919,284,243
214,216,536870920,216,243
214,151,536870921,151,243
214,153,268435456,153,244
214,217,268435457,217,244
214,284,268435458,284,244
214,395,268435459,395,244
214,401,268435460,401,244
214,403,268435461,403,244
214,411,268435462,411,244
214,415,268435463,415,244
214,423,268435464,423,244
214,426,268435465,426,244
214,425,536870912,425,244
214,422,536870913,422,244
214,414,536870914,414,244
214,410,536870915,410,244
214,402,536870916,402,244
214,400,536870917,400,244
214,394,536870918,394,244
214,283,536870919,283,244
214,216,536870920,216,244
214,152,536870921,152,244
214,153,268435456,153,245
214,218,268435457,218,245
214,284,268435458,284,245
214,395,268435459,395,245
214,401,268435460,401,245
214,403,268435461,403,245
214,412,268435462,412,245
214,415,268435463,415,245
214,424,268435464,424,245
214,426,268435465,426,245
214,425,536870912,425,245
214,423,536870913,423,245
214,414,536870914,414,245
214,411,536870915,411,245
214,402,536870916,402,245
214,400,536870917,400,245
214,394,536870918,394,245
214,283,536870919,283,245
214,217,536870920,217,245
214,152,536870921,152,245
214,153,268435456,153,246
214,219,268435457,219,246
214,284,268435458,284,246
214,395,268435459,395,246
214,401,268435460,401,246
214,403,268435461,403,246
214,412,268435462,412,246
214,416,268435463,416,246
214,425,268435464,425,246
214,426,268435465,426,246
214,425,536870912,425,246
214,424,536870913,424,246
214,415,536870914,415,246
214,411,536870915,411,246
214,402,536870916,402,246
214,400,536870917,400,246
214,394,536870918,394,246
214,283,536870919,283,246
214,218,536870920,218,246
214,152,536870921,152,246
214,153,268435456,153,247
214,220,268435457,220,247
214,283,268435458,283,247
214,395,268435459,395,247
214,402,268435460,402,247
214,404,268435461,404,247
214,413,268435462,413,247
214,416,268435463,416,247
214,415,536870912,415,247
214,412,536870913,412,247
214,403,536870914,403,247
214,401,536870915,401,247
214,394,536870916,394,247
214,282,536870917,282,247
214,219,536870918,219,247
214,152,536870919,152,247
214,153,268435456,153,248
214,221,268435457,221,248
214,283,268435458,283,248
214,395,268435459,395,248
214,402,268435460,402,248
214,404,268435461,404,248
214,413,268435462,413,248
214,416,268435463,416,248
214,415,536870912,415,248
214,412,536870913,412,248
214,403,536870914,403,248
214,401,536870915,401,248
214,394,536870916,394,248
214,282,536870917,282,248
214,220,536870918,220,248
214,152,536870919,152,248
214,153,268435456,153,249
214,222,268435457,222,249
214,283,268435458,283,249
214,395,268435459,395,249
214,403,268435460,403,249
214,404,268435461,404,249
214,414,268435462,414,249
214,416,268435463,416,249
214,415,536870912,415,249
214,413,536870913,413,249
214,403,536870914,403,249
214,402,536870915,402,249
214,394,536870916,394,249
214,282,536870917,282,249
214,221,536870918,221,249
214,152,536870919,152,249
214,153,268435456,153,250
214,222,268435457,222,250
214,282,268435458,282,250
214,395,268435459,395,250
214,403,268435460,403,250
214,404,268435461,404,250
214,414,268435462,414,250
214,417,268435463,417,250
214,416,536870912,416,250
214,413,536870913,413,250
214,403,536870914,403,250
214,402,536870915,402,250
214,394,536870916,394,250
214,281,536870917,281,250
214,221,536870918,221,250
214,152,536870919,152,250
214,154,268435456,154,251
214,223,268435457,223,251
214,282,268435458,282,251
214,395,268435459,395,251
214,415,268435460,415,251
214,417,268435461,417,251
214,416,536870912,416,251
214,414,536870913,414,251
214,394,536870914,394,251
214,281,536870915,281,251
214,222,536870916,222,251
214,153,536870917,153,251
214,154,268435456,154,252
214,224,268435457,224,252
214,282,268435458,282,252
214,395,268435459,395,252
214,416,268435460,416,252
214,417,268435461,417,252
214,416,536870912,416,252
214,415,536870913,415,252
214,394,536870914,394,252
214,281,536870915,281,252
214,223,536870916,223,252
214,153,536870917,153,252
214,154,268435456,154,253
214,224,268435457,224,253
214,281,268435458,281,253
214,395,268435459,395,253
214,416,268435460,416,253
214,418,268435461,418,253
214,417,536870912,417,253
214,415,536870913,415,253
214,394,536870914,394,253
214,280,536870915,280,253
214,223,536870916,223,253
214,153,536870917,153,253
214,154,268435456,154,254
214,225,268435457,225,254
214,281,268435458,281,254
214,395,268435459,395,254
214,417,268435460,417,254
214,418,268435461,418,254
214,417,536870912,417,254
214,416,536870913,416,254
214,394,536870914,394,254
214,280,536870915,280,254
214,224,536870916,224,254
214,153,536870917,153,254
214,155,268435456,155,255
214,225,268435457,225,255
214,281,268435458,281,255
214,395,268435459,395,255
214,394,536870912,394,255
214,280,536870913,280,255
214,224,536870914,224,255
214,154,536870915,154,255
214,155,268435456,155,256
214,226,268435457,226,256
214,280,268435458,280,256
214,396,268435459,396,256
214,395,536870912,395,256
214,279,536870913,279,256
214,225,536870914,225,256
214,154,536870915,154,256
214,155,268435456,155,257
214,229,268435457,229,257
214,280,268435458,280,257
214,396,268435459,396,257
214,395,536870912,395,257
214,279,536870913,279,257
214,228,536870914,228,257
214,154,536870915,154,257
214,155,268435456,155,258
214,231,268435457,231,258
214,280,268435458,280,258
214,396,268435459,396,258
214,395,536870912,395,258
214,279,536870913,279,258
214,230,536870914,230,258
214,154,536870915,154,258
214,156,268435456,156,259
214,232,268435457,232,259
214,279,268435458,279,259
214,384,268435459,384,259
214,385,268435460,385,259
214,386,268435461,386,259
214,388,268435462,388,259
214,396,268435463,396,259
214,395,536870912,395,259
214,387,536870913,387,259
214,385,536870914,385,259
214,384,536870915,384,259
214,383,536870916,383,259
214,278,536870917,278,259
214,231,536870918,231,259
214,155,536870919,155,259
214,156,268435456,156,260
214,234,268435457,234,260
214,279,268435458,279,260
214,384,268435459,384,260
214,388,268435460,388,260
214,396,268435461,396,260
214,395,536870912,395,260
214,387,536870913,387,260
214,383,536870914,383,260
214,278,536870915,278,260
214,233,536870916,233,260
214,155,536870917,155,260
214,157,268435456,157,261
214,235,268435457,235,261
214,258,268435458,258,261
214,265,268435459,265,261
214,279,268435460,279,261
214,385,268435461,385,261
214,388,268435462,388,261
214,396,268435463,396,261
214,395,536870912,395,261
214,387,536870913,387,261
214,384,536870914,384,261
214,278,536870915,278,261
214,264,536870916,264,261
214,257,536870917,257,261
214,234,536870918,234,261
214,156,536870919,156,261
214,157,268435456,157,262
214,235,268435457,235,262
214,256,268435458,256,262
214,268,268435459,268,262
214,278,268435460,278,262
214,385,268435461,385,262
214,389,268435462,389,262
214,396,268435463,396,262
214,395,536870912,395,262
214,388,536870913,388,262
214,384,536870914,384,262
214,277,536870915,277,262
214,267,536870916,267,262
214,255,536870917,255,262
214,234,536870918,234,262
214,156,536870919,156,262
214,158,268435456,158,263
214,236,268435457,236,263
214,255,268435458,255,263
214,270,268435459,270,263
214,278,268435460,278,263
214,384,268435461,384,263
214,389,268435462,389,263
214,397,268435463,397,263
214,396,536870912,396,263
214,388,536870913,388,263
214,383,536870914,383,263
214,277,536870915,277,263
214,269,536870916,269,263
214,254,536870917,254,263
214,235,536870918,235,263
214,157,536870919,157,263
214,159,268435456,159,264
214,237,268435457,237,264
214,254,268435458,254,264
214,272,268435459,272,264
214,278,268435460,278,264
214,384,268435461,384,264
214,389,268435462,389,264
214,398,268435463,398,264
214,397,536870912,397,264
214,388,536870913,388,264
214,383,536870914,383,264
214,277,536870915,277,264
214,271,536870916,271,264
214,253,536870917,253,264
214,236,536870918,236,264
214,158,536870919,158,264
214,160,268435456,160,265
214,238,268435457,238,265
214,254,268435458,254,265
214,273,268435459,273,265
214,277,268435460,277,265
214,385,268435461,385,265
214,390,268435462,390,265
214,399,268435463,399,265
214,398,536870912,398,265
214,389,536870913,389,265
214,384,536870914,384,265
214,276,536870915,276,265
214,272,536870916,272,265
214,253,536870917,253,265
214,237,536870918,237,265
214,159,536870919,159,265
214,161,268435456,161,266
214,238,268435457,238,266
214,254,268435458,254,266
214,275,268435459,275,266
214,276,268435460,276,266
214,386,268435461,386,266
214,390,268435462,390,266
214,399,268435463,399,266
214,398,536870912,398,266
214,389,536870913,389,266
214,385,536870914,385,266
214,275,536870915,275,266
214,274,536870916,274,266
214,253,536870917,253,266
214,237,536870918,237,266
214,160,536870919,160,266
214,161,268435456,161,267
214,239,268435457,239,267
214,254,268435458,254,267
214,386,268435459,386,267
214,391,268435460,391,267
214,400,268435461,400,267
214,399,536870912,399,267
214,390,536870913,390,267
214,385,536870914,385,267
214,253,536870915,253,267
214,238,536870916,238,267
214,160,536870917,160,267
214,162,268435456,162,268
214,240,268435457,240,268
214,254,268435458,254,268
214,386,268435459,386,268
214,391,268435460,391,268
214,400,268435461,400,268
214,399,536870912,399,268
214,390,536870913,390,268
214,385,536870914,385,268
214,253,536870915,253,268
214,239,536870916,239,268
214,161,536870917,161,268
214,163,268435456,163,269
214,240,268435457,240,269
214,254,268435458,254,269
214,386,268435459,386,269
214,391,268435460,391,269
214,399,268435461,399,269
214,398,536870912,398,269
214,390,536870913,390,269
214,385,536870914,385,269
214,253,536870915,253,269
214,239,536870916,239,269
214,162,536870917,162,269
214,164,268435456,164,270
214,241,268435457,241,270
214,254,268435458,254,270
214,387,268435459,387,270
214,392,268435460,392,270
214,398,268435461,398,270
214,397,536870912,397,270
214,391,536870913,391,270
214,386,536870914,386,270
214,253,536870915,253,270
214,240,536870916,240,270
214,163,536870917,163,270
214,165,268435456,165,271
214,241,268435457,241,271
214,254,268435458,254,271
214,387,268435459,387,271
214,392,268435460,392,271
214,397,268435461,397,271
214,396,536870912,396,271
214,391,536870913,391,271
214,386,536870914,386,271
214,253,536870915,253,271
214,240,536870916,240,271
214,164,536870917,164,271
214,166,268435456,166,272
214,242,268435457,242,272
214,254,268435458,254,272
214,387,268435459,387,272
214,392,268435460,392,272
214,397,268435461,397,272
214,396,536870912,396,272
214,391,536870913,391,272
214,386,536870914,386,272
214,253,536870915,253,272
214,241,536870916,241,272
214,165,536870917,165,272
214,166,268435456,166,273
214,243,268435457,243,273
214,254,268435458,254,273
214,387,268435459,387,273
214,393,268435460,393,273
214,397,268435461,397,273
214,396,536870912,396,273
214,392,536870913,392,273
214,386,536870914,386,273
214,253,536870915,253,273
214,242,536870916,242,273
214,165,536870917,165,273
214,167,268435456,167,274
214,243,268435457,243,274
214,255,268435458,255,274
214,388,268435459,388,274
214,393,268435460,393,274
214,397,268435461,397,274
214,396,536870912,396,274
214,392,536870913,392,274
214,387,536870914,387,274
214,254,536870915,254,274
214,242,536870916,242,274
214,166,536870917,166,274
214,168,268435456,168,275
214,244,268435457,244,275
214,255,268435458,255,275
214,388,268435459,388,275
214,394,268435460,394,275
214,397,268435461,397,275
214,396,536870912,396,275
214,393,536870913,393,275
214,387,536870914,387,275
214,254,536870915,254,275
214,243,536870916,243,275
214,167,536870917,167,275
214,170,268435456,170,276
214,244,268435457,244,276
214,255,268435458,255,276
214,388,268435459,388,276
214,394,268435460,394,276
214,397,268435461,397,276
214,396,536870912,396,276
214,393,536870913,393,276
214,387,536870914,387,276
214,254,536870915,254,276
214,243,536870916,243,276
214,169,536870917,169,276
214,172,268435456,172,277
214,245,268435457,245,277
214,255,268435458,255,277
214,389,268435459,389,277
214,395,268435460,395,277
214,397,268435461,397,277
214,396,536870912,396,277
214,394,536870913,394,277
214,388,536870914,388,277
214,254,536870915,254,277
214,244,536870916,244,277
214,171,536870917,171,277
214,174,268435456,174,278
214,245,268435457,245,278
214,255,268435458,255,278
214,389,268435459,389,278
214,395,268435460,395,278
214,396,268435461,396,278
214,395,536870912,395,278
214,394,536870913,394,278
214,388,536870914,388,278
214,254,536870915,254,278
214,244,536870916,244,278
214,173,536870917,173,278
214,177,268435456,177,279
214,246,268435457,246,279
214,255,268435458,255,279
214,389,268435459,389,279
214,388,536870912,388,279
214,254,536870913,254,279
214,245,536870914,245,279
214,176,536870915,176,279
214,181,268435456,181,280
214,246,268435457,246,280
214,255,268435458,255,280
214,389,268435459,389,280
214,388,536870912,388,280
214,254,536870913,254,280
214,245,536870914,245,280
214,180,536870915,180,280
214,184,268435456,184,281
214,247,268435457,247,281
214,255,268435458,255,281
214,389,268435459,389,281
214,388,536870912,388,281
214,254,536870913,254,281
214,246,536870914,246,281
214,183,536870915,183,281
214,188,268435456,188,282
214,248,268435457,248,282
214,254,268435458,254,282
214,390,268435459,390,282
214,389,536870912,389,282
214,253,536870913,253,282
214,247,536870914,247,282
214,187,536870915,187,282
214,188,268435456,188,283
214,248,268435457,248,283
214,254,268435458,254,283
214,390,268435459,390,283
214,389,536870912,389,283
214,253,536870913,253,283
214,247,536870914,247,283
214,187,536870915,187,283
214,188,268435456,188,284
214,249,268435457,249,284
214,254,268435458,254,284
214,390,268435459,390,284
214,389,536870912,389,284
214,253,536870913,253,284
214,248,536870914,248,284
214,187,536870915,187,284
214,187,268435456,187,285
214,249,268435457,249,285
214,253,268435458,253,285
214,390,268435459,390,285
214,389,536870912,389,285
214,252,536870913,252,285
214,248,536870914,248,285
214,186,536870915,186,285
214,187,268435456,187,286
214,250,268435457,250,286
214,252,268435458,252,286
214,391,268435459,391,286
214,390,536870912,390,286
214,251,536870913,251,286
214,249,536870914,249,286
214,186,536870915,186,286
214,186,268435456,186,287
214,391,268435457,391,287
214,390,536870912,390,287
214,185,536870913,185,287
214,186,268435456,186,288
214,391,268435457,391,288
214,390,536870912,390,288
214,185,536870913,185,288
214,185,268435456,185,289
214,391,268435457,391,289
214,390,536870912,390,289
214,184,536870913,184,289
214,185,268435456,185,290
214,392,268435457,392,290
214,391,536870912,391,290
214,184,536870913,184,290
214,184,268435456,184,291
214,392,268435457,392,291
214,391,536870912,391,291
214,183,536870913,183,291
214,184,268435456,184,292
214,392,268435457,392,292
214,391,536870912,391,292
214,183,536870913,183,292
214,183,268435456,183,293
214,392,268435457,392,293
214,391,536870912,391,293
214,182,536870913,182,293
214,183,268435456,183,294
214,392,268435457,392,294
214,391,536870912,391,294
214,182,536870913,182,294
214,183,268435456,183,295
214,393,268435457,393,295
214,392,536870912,392,295
214,182,536870913,182,295
214,182,268435456,182,296
214,393,268435457,393,296
214,392,536870912,392,296
214,181,536870913,181,296
214,182,268435456,182,297
214,393,268435457,393,297
214,392,536870912,392,297
214,181,536870913,181,297
214,182,268435456,182,298
214,393,268435457,393,298
214,392,536870912,392,298
214,181,536870913,181,298
214,181,268435456,181,299
214,392,268435457,392,299
214,391,536870912,391,299
214,180,536870913,180,299
214,181,268435456,181,300
214,393,268435457,393,300
214,392,536870912,392,300
214,180,536870913,180,300
214,180,268435456,180,301
214,393,268435457,393,301
214,392,536870912,392,301
214,179,536870913,179,301
214,180,268435456,180,302
214,394,268435457,394,302
214,393,536870912,393,302
214,179,536870913,179,302
214,180,268435456,180,303
214,394,268435457,394,303
214,393,536870912,393,303
214,179,536870913,179,303
214,180,268435456,180,304
214,394,268435457,394,304
214,393,536870912,393,304
214,179,536870913,179,304
214,179,268435456,179,305
214,395,268435457,395,305
214,394,536870912,394,305
214,178,536870913,178,305
214,179,268435456,179,306
214,395,268435457,395,306
214,394,536870912,394,306
214,178,536870913,178,306
214,179,268435456,179,307
214,395,268435457,395,307
214,394,536870912,394,307
214,178,536870913,178,307
214,179,268435456,179,308
214,395,268435457,395,308
214,394,536870912,394,308
214,178,536870913,178,308
214,178,268435456,178,309
214,396,268435457,396,309
214,395,536870912,395,309
214,177,536870913,177,309
214,178,268435456,178,310
214,396,268435457,396,310
214,395,536870912,395,310
214,177,536870913,177,310
214,178,268435456,178,311
214,396,268435457,396,311
214,395,536870912,395,311
214,177,536870913,177,311
214,177,268435456,177,312
214,396,268435457,396,312
214,395,536870912,395,312
214,176,536870913,176,312
214,177,268435456,177,313
214,396,268435457,396,313
214,395,536870912,395,313
214,176,536870913,176,313
214,177,268435456,177,314
214,397,268435457,397,314
214,396,536870912,396,314
214,176,536870913,176,314
214,177,268435456,177,315
214,397,268435457,397,315
214,396,536870912,396,315
214,176,536870913,176,315
214,177,268435456,177,316
214,396,268435457,396,316
214,395,536870912,395,316
214,176,536870913,176,316
214,177,268435456,177,317
214,396,268435457,396,317
214,395,536870912,395,317
214,176,536870913,176,317
214,176,268435456,176,318
214,396,268435457,396,318
214,395,536870912,395,318
214,175,536870913,175,318
214,176,268435456,176,319
214,396,268435457,396,319
214,395,536870912,395,319
214,175,536870913,175,319
214,176,268435456,176,320
214,397,268435457,397,320
214,396,536870912,396,320
214,175,536870913,175,320
214,176,268435456,176,321
214,398,268435457,398,321
214,397,536870912,397,321
214,175,536870913,175,321
214,176,268435456,176,322
214,398,268435457,398,322
214,424,268435458,424,322
214,431,268435459,431,322
214,430,536870912,430,322
214,423,536870913,423,322
214,397,536870914,397,322
214,175,536870915,175,322
214,176,268435456,176,323
214,398,268435457,398,323
214,422,268435458,422,323
214,435,268435459,435,323
214,434,536870912,434,323
214,421,536870913,421,323
214,397,536870914,397,323
214,175,536870915,175,323
214,176,268435456,176,324
214,398,268435457,398,324
214,420,268435458,420,324
214,434,268435459,434,324
214,433,536870912,433,324
214,419,536870913,419,324
214,397,536870914,397,324
214,175,536870915,175,324
214,176,268435456,176,325
214,399,268435457,399,325
214,418,268435458,418,325
214,433,268435459,433,325
214,432,536870912,432,325
214,417,536870913,417,325
214,398,536870914,398,325
214,175,536870915,175,325
214,176,268435456,176,326
214,399,268435457,399,326
214,416,268435458,416,326
214,432,268435459,432,326
214,431,536870912,431,326
214,415,536870913,415,326
214,398,536870914,398,326
214,175,536870915,175,326
214,175,268435456,175,327
214,399,268435457,399,327
214,414,268435458,414,327
214,431,268435459,431,327
214,430,536870912,430,327
214,413,536870913,413,327
214,398,536870914,398,327
214,174,536870915,174,327
214,175,268435456,175,328
214,399,268435457,399,328
214,411,268435458,411,328
214,430,268435459,430,328
214,429,536870912,429,328
214,410,536870913,410,328
214,398,536870914,398,328
214,174,536870915,174,328
214,175,268435456,175,329
214,399,268435457,399,329
214,410,268435458,410,329
214,429,268435459,429,329
214,428,536870912,428,329
214,409,536870913,409,329
214,398,536870914,398,329
214,174,536870915,174,329
214,175,268435456,175,330
214,399,268435457,399,330
214,407,268435458,407,330
214,428,268435459,428,330
214,427,536870912,427,330
214,406,536870913,406,330
214,398,536870914,398,330
214,174,536870915,174,330
214,175,268435456,175,331
214,400,268435457,400,331
214,406,268435458,406,331
214,428,268435459,428,331
214,427,536870912,427,331
214,405,536870913,405,331
214,399,536870914,399,331
214,174,536870915,174,331
214,175,268435456,175,332
214,400,268435457,400,332
214,403,268435458,403,332
214,431,268435459,431,332
214,430,536870912,430,332
214,402,536870913,402,332
214,399,536870914,399,332
214,174,536870915,174,332
214,175,268435456,175,333
214,400,268435457,400,333
214,401,268435458,401,333
214,430,268435459,430,333
214,429,536870912,429,333
214,400,536870913,400,333
214,399,536870914,399,333
214,174,536870915,174,333
214,175,268435456,175,334
214,429,268435457,429,334
214,428,536870912,428,334
214,174,536870913,174,334
214,175,268435456,175,335
214,427,268435457,427,335
214,426,536870912,426,335
214,174,536870913,174,335
214,175,268435456,175,336
214,425,268435457,425,336
214,424,536870912,424,336
214,174,536870913,174,336
214,175,268435456,175,337
214,423,268435457,423,337
214,422,536870912,422,337
214,174,536870913,174,337
214,175,268435456,175,338
214,275,268435457,275,338
214,276,268435458,276,338
214,419,268435459,419,338
214,418,536870912,418,338
214,275,536870913,275,338
214,274,536870914,274,338
214,174,536870915,174,338
214,175,268435456,175,339
214,275,268435457,275,339
214,276,268435458,276,339
214,416,268435459,416,339
214,415,536870912,415,339
214,275,536870913,275,339
214,274,536870914,274,339
214,174,536870915,174,339
214,175,268435456,175,340
214,275,268435457,275,340
214,277,268435458,277,340
214,411,268435459,411,340
214,410,536870912,410,340
214,276,536870913,276,340
214,274,536870914,274,340
214,174,536870915,174,340
214,174,268435456,174,341
214,275,268435457,275,341
214,277,268435458,277,341
214,410,268435459,410,341
214,409,536870912,409,341
214,276,536870913,276,341
214,274,536870914,274,341
214,173,536870915,173,341
214,174,268435456,174,342
214,275,268435457,275,342
214,277,268435458,277,342
214,409,268435459,409,342
214,408,536870912,408,342
214,276,536870913,276,342
214,274,536870914,274,342
214,173,536870915,173,342
214,174,268435456,174,343
214,275,268435457,275,343
214,277,268435458,277,343
214,410,268435459,410,343
214,409,536870912,409,343
214,276,536870913,276,343
214,274,536870914,274,343
214,173,536870915,173,343
214,174,268435456,174,344
214,275,268435457,275,344
214,277,268435458,277,344
214,410,268435459,410,344
214,409,536870912,409,344
214,276,536870913,276,344
214,274,536870914,274,344
214,173,536870915,173,344
214,173,268435456,173,345
214,274,268435457,274,345
214,278,268435458,278,345
214,410,268435459,410,345
214,409,536870912,409,345
214,277,536870913,277,345
214,273,536870914,273,345
214,172,536870915,172,345
214,173,268435456,173,346
214,274,268435457,274,346
214,278,268435458,278,346
214,410,268435459,410,346
214,409,536870912,409,346
214,277,536870913,277,346
214,273,536870914,273,346
214,172,536870915,172,346
214,173,268435456,173,347
214,274,268435457,274,347
214,278,268435458,278,347
214,410,268435459,410,347
214,409,536870912,409,347
214,277,536870913,277,347
214,273,536870914,273,347
214,172,536870915,172,347
214,172,268435456,172,348
214,274,268435457,274,348
214,278,268435458,278,348
214,410,268435459,410,348
214,409,536870912,409,348
214,277,536870913,277,348
214,273,536870914,273,348
214,171,536870915,171,348
214,172,268435456,172,349
214,274,268435457,274,349
214,279,268435458,279,349
214,410,268435459,410,349
214,409,536870912,409,349
214,278,536870913,278,349
214,273,536870914,273,349
214,171,536870915,171,349
214,172,268435456,172,350
214,274,268435457,274,350
214,279,268435458,279,350
214,410,268435459,410,350
214,409,536870912,409,350
214,278,536870913,278,350
214,273,536870914,273,350
214,171,536870915,171,350
214,171,268435456,171,351
214,274,268435457,274,351
214,279,268435458,279,351
214,410,268435459,410,351
214,409,536870912,409,351
214,278,536870913,278,351
214,273,536870914,273,351
214,170,536870915,170,351
214,171,268435456,171,352
214,273,268435457,273,352
214,279,268435458,279,352
214,410,268435459,410,352
214,409,536870912,409,352
214,278,536870913,278,352
214,272,536870914,272,352
214,170,536870915,170,352
214,171,268435456,171,353
214,273,268435457,273,353
214,279,268435458,279,353
214,410,268435459,410,353
214,409,536870912,409,353
214,278,536870913,278,353
214,272,536870914,272,353
214,170,536870915,170,353
214,171,268435456,171,354
214,273,268435457,273,354
214,280,268435458,280,354
214,410,268435459,410,354
214,409,536870912,409,354
214,279,536870913,279,354
214,272,536870914,272,354
214,170,536870915,170,354
214,170,268435456,170,355
214,273,268435457,273,355
214,280,268435458,280,355
214,410,268435459,410,355
214,409,536870912,409,355
214,279,536870913,279,355
214,272,536870914,272,355
214,169,536870915,169,355
214,170,268435456,170,356
214,273,268435457,273,356
214,280,268435458,280,356
214,410,268435459,410,356
214,409,536870912,409,356
214,279,536870913,279,356
214,272,536870914,272,356
214,169,536870915,169,356
214,170,268435456,170,357
214,272,268435457,272,357
214,280,268435458,280,357
214,410,268435459,410,357
214,409,536870912,409,357
214,279,536870913,279,357
214,271,536870914,271,357
214,169,536870915,169,357
214,170,268435456,170,358
214,272,268435457,272,358
214,280,268435458,280,358
214,410,268435459,410,358
214,409,536870912,409,358
214,279,536870913,279,358
214,271,536870914,271,358
214,169,536870915,169,358
214,170,268435456,170,359
214,272,268435457,272,359
214,280,268435458,280,359
214,410,268435459,410,359
214,409,536870912,409,359
214,279,536870913,279,359
214,271,536870914,271,359
214,169,536870915,169,359
214,0,1879048192,0,0
214,0,2147483648,0,359
214,1,1879048192,1,0
214,1,2147483648,1,359
214,2,1879048192,2,0
214,2,2147483648,2,359
214,3,1879048192,3,0
214,3,2147483648,3,359
214,4,1879048192,4,0
214,4,2147483648,4,359
214,5,1879048192,5,0
214,5,2147483648,5,359
214,6,1879048192,6,0
214,6,2147483648,6,359
214,7,1879048192,7,0
214,7,2147483648,7,359
214,8,1879048192,8,0
214,8,2147483648,8,359
214,9,1879048192,9,0
214,9,2147483648,9,359
214,10,1879048192,10,0
214,10,2147483648,10,359
214,11,1879048192,11,0
214,11,2147483648,11,359
214,12,1879048192,12,0
214,12,2147483648,12,359
214,13,1879048192,13,0
214,13,2147483648,13,359
214,14,1879048192,14,0
214,14,2147483648,14,359
214,15,1879048192,15,0
214,15,2147483648,15,359
214,16,1879048192,16,0
214,16,2147483648,16,359
214,17,1879048192,17,0
214,17,2147483648,17,359
214,18,1879048192,18,0
214,18,2147483648,18,359
214,19,1879048192,19,0
214,19,2147483648,19,359
214,20,1879048192,20,0
214,20,2147483648,20,359
214,21,1879048192,21,0
214,21,2147483648,21,359
214,22,1879048192,22,0
214,22,2147483648,22,359
214,23,1879048192,23,0
214,23,2147483648,23,359
214,24,1879048192,24,0
214,24,2147483648,24,359
214,25,1879048192,25,0
214,25,2147483648,25,359
214,26,1879048192,26,0
214,26,2147483648,26,359
214,27,1879048192,27,0
214,27,2147483648,27,359
214,28,1879048192,28,0
214,28,2147483648,28,359
214,29,1879048192,29,0
214,29,2147483648,29,359
214,30,1879048192,30,0
214,30,2147483648,30,359
214,31,1879048192,31,0
214,31,2147483648,31,359
214,32,1879048192,32,0
214,32,2147483648,32,359
214,33,1879048192,33,0
214,33,2147483648,33,359
214,34,1879048192,34,0
214,34,2147483648,34,359
214,35,1879048192,35,0
214,35,2147483648,35,359
214,36,1879048192,36,0
214,36,2147483648,36,359
214,37,1879048192,37,0
214,37,2147483648,37,359
214,38,1879048192,38,0
214,38,2147483648,38,359
214,39,1879048192,39,0
214,39,2147483648,39,359
214,40,1879048192,40,0
214,40,2147483648,40,359
214,41,1879048192,41,0
214,41,2147483648,41,359
214,42,1879048192,42,0
214,42,2147483648,42,359
214,43,1879048192,43,0
214,43,2147483648,43,359
214,44,1879048192,44,0
214,44,2147483648,44,359
214,45,1879048192,45,0
214,45,2147483648,45,359
214,46,1879048192,46,0
214,46,2147483648,46,359
214,47,1879048192,47,0
214,47,2147483648,47,359
214,48,1879048192,48,0
214,48,2147483648,48,359
214,49,1879048192,49,0
214,49,2147483648,49,359
214,50,1879048192,50,0
214,50,2147483648,50,359
214,51,1879048192,51,0
214,51,2147483648,51,359
214,52,1879048192,52,0
214,52,2147483648,52,359
214,53,1879048192,53,0
214,53,2147483648,53,359
214,54,1879048192,54,0
214,54,2147483648,54,359
214,55,1879048192,55,0
214,55,2147483648,55,359
214,56,1879048192,56,0
214,56,2147483648,56,359
214,57,1879048192,57,0
214,57,2147483648,57,359
214,58,1879048192,58,0
214,58,2147483648,58,359
214,59,1879048192,59,0
214,59,2147483648,59,359
214,60,1879048192,60,0
214,60,2147483648,60,359
214,61,1879048192,61,0
214,61,2147483648,61,359
214,62,1879048192,62,0
214,62,2147483648,62,359
214,63,1879048192,63,0
214,63,2147483648,63,359
214,64,1879048192,64,0
214,64,2147483648,64,359
214,65,1879048192,65,0
214,65,2147483648,65,359
214,66,1879048192,66,0
214,66,2147483648,66,359
214,67,1879048192,67,0
214,67,2147483648,67,359
214,68,1879048192,68,0
214,68,2147483648,68,359
214,69,1879048192,69,0
214,69,2147483648,69,359
214,70,1879048192,70,0
214,70,2147483648,70,359
214,71,1879048192,71,0
214,71,2147483648,71,359
214,72,1879048192,72,0
214,72,2147483648,72,359
214,73,1879048192,73,0
214,73,2147483648,73,359
214,74,1879048192,74,0
214,74,2147483648,74,359
214,75,1879048192,75,0
214,75,2147483648,75,359
214,76,1879048192,76,0
214,76,2147483648,76,359
214,77,1879048192,77,0
214,77,2147483648,77,359
214,78,1879048192,78,0
214,78,2147483648,78,359
214,79,1879048192,79,0
214,79,2147483648,79,359
214,80,1879048192,80,0
214,80,2147483648,80,359
214,81,1879048192,81,0
214,81,2147483648,81,359
214,82,1879048192,82,0
214,82,2147483648,82,359
214,83,1879048192,83,0
214,83,2147483648,83,359
214,84,1879048192,84,0
214,84,2147483648,84,359
214,85,1879048192,85,0
214,85,2147483648,85,359
214,86,1879048192,86,0
214,86,2147483648,86,359
214,87,1879048192,87,0
214,87,2147483648,87,359
214,88,1879048192,88,0
214,88,2147483648,88,359
214,89,1879048192,89,0
214,89,2147483648,89,359
214,90,1879048192,90,0
214,90,2147483648,90,359
214,91,1879048192,91,0
214,91,2147483648,91,359
214,92,1879048192,92,0
214,92,2147483648,92,359
214,93,1879048192,93,0
214,93,2147483648,93,359
214,94,1879048192,94,0
214,94,2147483648,94,359
214,95,1879048192,95,0
214,95,2147483648,95,359
214,96,1879048192,96,0
214,96,2147483648,96,359
214,97,1879048192,97,0
214,97,2147483648,97,359
214,98,1879048192,98,0
214,98,2147483648,98,359
214,99,1879048192,99,0
214,99,2147483648,99,359
214,100,1879048192,100,0
214,100,2147483648,100,359
214,101,1879048192,101,0
214,101,2147483648,101,359
214,102,1879048192,102,0
214,102,2147483648,102,359
214,103,1879048192,103,0
214,103,2147483648,103,359
214,104,1879048192,104,0
214,104,2147483648,104,359
214,105,1879048192,105,0
214,105,2147483648,105,359
214,106,1879048192,106,0
214,106,2147483648,106,359
214,107,1879048192,107,0
214,107,2147483648,107,359
214,108,1879048192,108,0
214,108,2147483648,108,359
214,109,1879048192,109,0
214,109,2147483648,109,359
214,110,1879048192,110,0
214,110,2147483648,110,359
214,111,1879048192,111,0
214,111,2147483648,111,359
214,112,1879048192,112,0
214,112,2147483648,112,359
214,113,1879048192,113,0
214,113,2147483648,113,359
214,114,1879048192,114,0
214,114,2147483648,114,359
214,115,1879048192,115,0
214,115,2147483648,115,359
214,116,1879048192,116,0
214,116,2147483648,116,359
214,117,1879048192,117,0
214,117,2147483648,117,359
214,118,1879048192,118,0
214,118,2147483648,118,359
214,119,1879048192,119,0
214,119,2147483648,119,359
214,120,1879048192,120,0
214,120,2147483648,120,359
214,121,1879048192,121,0
214,121,2147483648,121,359
214,122,1879048192,122,0
214,122,2147483648,122,359
214,123,1879048192,123,0
214,123,2147483648,123,359
214,124,1879048192,124,0
214,124,2147483648,124,359
214,125,1879048192,125,0
214,125,2147483648,125,359
214,126,1879048192,126,0
214,126,2147483648,126,359
214,127,1879048192,127,0
214,127,2147483648,127,359
214,128,1879048192,128,0
214,128,2147483648,128,359
214,129,1879048192,129,0
214,129,2147483648,129,359
214,130,1879048192,130,0
214,130,2147483648,130,359
214,131,1879048192,131,0
214,131,2147483648,131,359
214,132,1879048192,132,0
214,132,2147483648,132,359
214,133,1879048192,133,0
214,133,2147483648,133,359
214,134,1879048192,134,0
214,134,2147483648,134,359
214,135,1879048192,135,0
214,135,2147483648,135,359
214,136,1879048192,136,0
214,136,2147483648,136,359
214,137,1879048192,137,0
214,137,2147483648,137,359
214,138,1879048192,138,0
214,138,2147483648,138,359
214,139,1879048192,139,0
214,139,2147483648,139,359
214,140,1879048192,140,0
214,140,2147483648,140,359
214,141,1879048192,141,0
214,141,2147483648,141,359
214,142,1879048192,142,0
214,142,2147483648,142,359
214,143,1879048192,143,0
214,143,2147483648,143,359
214,144,1879048192,144,0
214,144,2147483648,144,359
214,145,1879048192,145,0
214,145,2147483648,145,359
214,146,1879048192,146,0
214,146,2147483648,146,359
214,147,1879048192,147,0
214,147,2147483648,147,359
214,148,1879048192,148,0
214,148,2147483648,148,359
214,149,1879048192,149,0
214,149,2147483648,149,359
214,150,805306368,150,235
214,150,805306369,150,238
214,150,1073741824,150,237
214,150,1073741825,150,234
214,151,805306368,151,232
214,151,805306369,151,241
214,151,1073741824,151,240
214,151,1073741825,151,231
214,152,805306368,152,229
214,152,805306369,152,244
214,152,1073741824,152,243
214,152,1073741825,152,228
214,153,805306368,153,224
214,153,805306369,153,251
214,153,1073741824,153,250
214,153,1073741825,153,223
214,154,805306368,154,221
214,154,805306369,154,255
214,154,1073741824,154,254
214,154,1073741825,154,220
214,155,805306368,155,218
214,155,805306369,155,259
214,155,1073741824,155,258
214,155,1073741825,155,217
214,156,805306368,156,217
214,156,805306369,156,261
214,156,1073741824,156,260
214,156,1073741825,156,216
214,157,805306368,157,217
214,157,805306369,157,263
214,157,1073741824,157,262
214,157,1073741825,157,216
214,158,805306368,158,216
214,158,805306369,158,264
214,158,1073741824,158,263
214,158,1073741825,158,215
214,159,805306368,159,215
214,159,805306369,159,265
214,159,1073741824,159,264
214,159,1073741825,159,214
214,160,805306368,160,215
214,160,805306369,160,266
214,160,1073741824,160,265
214,160,1073741825,160,214
214,161,805306368,161,214
214,161,805306369,161,268
214,161,1073741824,161,267
214,161,1073741825,161,213
214,162,805306368,162,213
214,162,805306369,162,269
214,162,1073741824,162,268
214,162,1073741825,162,212
214,163,805306368,163,213
214,163,805306369,163,270
214,163,1073741824,163,269
214,163,1073741825,163,212
214,164,805306368,164,212
214,164,805306369,164,271
214,164,1073741824,164,270
214,164,1073741825,164,211
214,165,805306368,165,212
214,165,805306369,165,272
214,165,1073741824,165,271
214,165,1073741825,165,211
214,166,805306368,166,211
214,166,805306369,166,274
214,166,1073741824,166,273
214,166,1073741825,166,210
214,167,805306368,167,211
214,167,805306369,167,275
214,167,1073741824,167,274
214,167,1073741825,167,210
214,168,805306368,168,210
214,168,805306369,168,276
214,168,1073741824,168,275
214,168,1073741825,168,209
214,169,805306368,169,210
214,169,805306369,169,276
214,169,1073741824,169,275
214,169,1073741825,169,209
214,170,805306368,170,210
214,170,805306369,170,277
214,170,805306370,170,355
214,170,1073741824,170,354
214,170,1073741825,170,276
214,170,1073741826,170,209
214,171,805306368,171,209
214,171,805306369,171,277
214,171,805306370,171,351
214,171,1073741824,171,350
214,171,1073741825,171,276
214,171,1073741826,171,208
214,172,805306368,172,209
214,172,805306369,172,278
214,172,805306370,172,348
214,172,1073741824,172,347
214,172,1073741825,172,277
214,172,1073741826,172,208
214,173,805306368,173,209
214,173,805306369,173,278
