Frame,Part of frame,Layer,X,Y
445,0,1342177280,0,265
445,479,1610612736,479,265
445,0,1342177280,0,266
445,479,1610612736,479,266
445,0,1342177280,0,267
445,479,1610612736,479,267
445,0,1342177280,0,268
445,479,1610612736,479,268
445,0,1342177280,0,269
445,479,1610612736,479,269
445,0,1342177280,0,270
445,479,1610612736,479,270
445,0,1342177280,0,271
445,479,1610612736,479,271
445,0,1342177280,0,272
445,479,1610612736,479,272
445,0,1342177280,0,273
445,479,1610612736,479,273
445,0,1342177280,0,274
445,479,1610612736,479,274
445,0,1342177280,0,275
445,479,1610612736,479,275
445,0,1342177280,0,276
445,479,1610612736,479,276
445,0,1342177280,0,277
445,479,1610612736,479,277
445,0,1342177280,0,278
445,479,1610612736,479,278
445,0,1342177280,0,279
445,479,1610612736,479,279
445,0,1342177280,0,280
445,479,1610612736,479,280
445,0,1342177280,0,281
445,479,1610612736,479,281
445,0,1342177280,0,282
445,479,1610612736,479,282
445,0,1342177280,0,283
445,479,1610612736,479,283
445,0,1342177280,0,284
445,479,1610612736,479,284
445,0,1342177280,0,285
445,479,1610612736,479,285
445,0,1342177280,0,286
445,479,1610612736,479,286
445,0,1342177280,0,287
445,479,1610612736,479,287
445,0,1342177280,0,288
445,479,1610612736,479,288
445,0,1342177280,0,289
445,479,1610612736,479,289
445,0,1342177280,0,290
445,479,1610612736,479,290
445,0,1342177280,0,291
445,479,1610612736,479,291
445,0,1342177280,0,292
445,479,1610612736,479,292
445,0,1342177280,0,293
445,479,1610612736,479,293
445,0,1342177280,0,294
445,479,1610612736,479,294
445,0,1342177280,0,295
445,479,1610612736,479,295
445,0,1342177280,0,296
445,479,1610612736,479,296
445,0,1342177280,0,297
445,479,1610612736,479,297
445,0,1342177280,0,298
445,479,1610612736,479,298
445,0,1342177280,0,299
445,479,1610612736,479,299
445,0,1342177280,0,300
445,479,1610612736,479,300
445,0,1342177280,0,301
445,479,1610612736,479,301
445,0,1342177280,0,302
445,479,1610612736,479,302
445,0,1342177280,0,303
445,479,1610612736,479,303
445,0,1342177280,0,304
445,479,1610612736,479,304
445,0,1342177280,0,305
445,479,1610612736,479,305
445,0,1342177280,0,306
445,479,1610612736,479,306
445,0,1342177280,0,307
445,479,1610612736,479,307
445,0,1342177280,0,308
445,479,1610612736,479,308
445,0,1342177280,0,309
445,479,1610612736,479,309
445,0,1342177280,0,310
445,479,1610612736,479,310
445,0,1342177280,0,311
445,479,1610612736,479,311
445,0,1342177280,0,312
445,479,1610612736,479,312
445,0,1342177280,0,313
445,479,1610612736,479,313
445,0,1342177280,0,314
445,479,1610612736,479,314
445,0,1342177280,0,315
445,479,1610612736,479,315
445,0,1342177280,0,316
445,479,1610612736,479,316
445,0,1342177280,0,317
445,479,1610612736,479,317
445,0,1342177280,0,318
445,479,1610612736,479,318
445,0,1342177280,0,319
445,479,1610612736,479,319
445,0,1342177280,0,320
445,479,1610612736,479,320
445,0,1342177280,0,321
445,479,1610612736,479,321
445,0,1342177280,0,322
445,479,1610612736,479,322
445,0,1342177280,0,323
445,479,1610612736,479,323
445,0,1342177280,0,324
445,479,1610612736,479,324
445,0,1342177280,0,325
445,479,1610612736,479,325
445,0,1342177280,0,326
445,479,1610612736,479,326
445,0,1342177280,0,327
445,479,1610612736,479,327
445,0,1342177280,0,328
445,479,1610612736,479,328
445,0,1342177280,0,329
445,479,1610612736,479,329
445,0,1342177280,0,330
445,479,1610612736,479,330
445,0,1342177280,0,331
445,479,1610612736,479,331
445,0,1342177280,0,332
445,479,1610612736,479,332
445,0,1342177280,0,333
445,479,1610612736,479,333
445,0,1342177280,0,334
445,479,1610612736,479,334
445,0,1342177280,0,335
445,479,1610612736,479,335
445,0,1342177280,0,336
445,479,1610612736,479,336
445,0,1342177280,0,337
445,479,1610612736,479,337
445,0,1342177280,0,338
445,479,1610612736,479,338
445,0,1342177280,0,339
445,479,1610612736,479,339
445,0,1342177280,0,340
445,479,1610612736,479,340
445,0,1342177280,0,341
445,479,1610612736,479,341
445,0,1342177280,0,342
445,479,1610612736,479,342
445,0,1342177280,0,343
445,479,1610612736,479,343
445,0,1342177280,0,344
445,479,1610612736,479,344
445,0,1342177280,0,345
445,479,1610612736,479,345
445,0,1342177280,0,346
445,479,1610612736,479,346
445,0,1342177280,0,347
445,479,1610612736,479,347
445,0,1342177280,0,348
445,479,1610612736,479,348
445,0,1342177280,0,349
445,479,1610612736,479,349
445,0,1342177280,0,350
445,479,1610612736,479,350
445,0,1342177280,0,351
445,479,1610612736,479,351
445,0,1342177280,0,352
445,479,1610612736,479,352
445,0,1342177280,0,353
445,479,1610612736,479,353
445,0,1342177280,0,354
445,479,1610612736,479,354
445,0,1342177280,0,355
445,479,1610612736,479,355
445,0,1342177280,0,356
445,479,1610612736,479,356
445,0,1342177280,0,357
445,479,1610612736,479,357
445,0,1342177280,0,358
445,479,1610612736,479,358
445,0,1342177280,0,359
445,479,1610612736,479,359
445,0,1879048192,0,0
445,0,2147483648,0,359
445,1,1879048192,1,0
445,1,2147483648,1,359
445,2,1879048192,2,0
445,2,2147483648,2,359
445,3,1879048192,3,0
445,3,2147483648,3,359
445,4,1879048192,4,0
445,4,2147483648,4,359
445,5,1879048192,5,0
445,5,2147483648,5,359
445,6,1879048192,6,0
445,6,2147483648,6,359
445,7,1879048192,7,0
445,7,2147483648,7,359
445,8,1879048192,8,0
445,8,2147483648,8,359
445,9,1879048192,9,0
445,9,2147483648,9,359
445,10,1879048192,10,0
445,10,2147483648,10,359
445,11,1879048192,11,0
445,11,2147483648,11,359
445,12,1879048192,12,0
445,12,2147483648,12,359
445,13,1879048192,13,0
445,13,2147483648,13,359
445,14,1879048192,14,0
445,14,2147483648,14,359
445,15,1879048192,15,0
445,15,2147483648,15,359
445,16,1879048192,16,0
445,16,2147483648,16,359
445,17,1879048192,17,0
445,17,2147483648,17,359
445,18,1879048192,18,0
445,18,2147483648,18,359
445,19,1879048192,19,0
445,19,2147483648,19,359
445,20,1879048192,20,0
445,20,2147483648,20,359
445,21,1879048192,21,0
445,21,2147483648,21,359
445,22,1879048192,22,0
445,22,2147483648,22,359
445,23,1879048192,23,0
445,23,2147483648,23,359
445,24,1879048192,24,0
445,24,2147483648,24,359
445,25,1879048192,25,0
445,25,2147483648,25,359
445,26,1879048192,26,0
445,26,2147483648,26,359
445,27,1879048192,27,0
445,27,2147483648,27,359
445,28,1879048192,28,0
445,28,2147483648,28,359
445,29,1879048192,29,0
445,29,2147483648,29,359
445,30,1879048192,30,0
445,30,2147483648,30,359
445,31,1879048192,31,0
445,31,2147483648,31,359
445,32,1879048192,32,0
445,32,2147483648,32,359
445,33,1879048192,33,0
445,33,2147483648,33,359
445,34,1879048192,34,0
445,34,2147483648,34,359
445,35,1879048192,35,0
445,35,2147483648,35,359
445,36,1879048192,36,0
445,36,2147483648,36,359
445,37,1879048192,37,0
445,37,2147483648,37,359
445,38,1879048192,38,0
445,38,2147483648,38,359
445,39,1879048192,39,0
445,39,2147483648,39,359
445,40,1879048192,40,0
445,40,2147483648,40,359
445,41,1879048192,41,0
445,41,2147483648,41,359
445,42,1879048192,42,0
445,42,2147483648,42,359
445,43,1879048192,43,0
445,43,2147483648,43,359
445,44,1879048192,44,0
445,44,2147483648,44,359
445,45,1879048192,45,0
445,45,2147483648,45,359
445,46,1879048192,46,0
445,46,2147483648,46,359
445,47,1879048192,47,0
445,47,2147483648,47,359
445,48,1879048192,48,0
445,48,2147483648,48,359
445,49,1879048192,49,0
445,49,2147483648,49,359
445,50,1879048192,50,0
445,50,2147483648,50,359
445,51,1879048192,51,0
445,51,2147483648,51,359
445,52,1879048192,52,0
445,52,2147483648,52,359
445,53,805306368,53,264
445,53,805306369,53,265
445,53,1073741824,53,264
445,53,1073741825,53,263
445,54,1879048192,54,0
445,54,2147483648,54,359
445,55,1879048192,55,0
445,55,2147483648,55,359
445,56,1879048192,56,0
445,56,2147483648,56,359
445,57,805306368,57,43
445,57,805306369,57,44
445,57,1073741824,57,43
445,57,1073741825,57,42
445,58,1879048192,58,0
445,58,2147483648,58,359
445,59,805306368,59,256
445,59,805306369,59,257
445,59,1073741824,59,256
445,59,1073741825,59,255
445,60,1879048192,60,0
445,60,2147483648,60,359
445,61,1879048192,61,0
445,61,2147483648,61,359
445,62,1879048192,62,0
445,62,2147483648,62,359
445,63,1879048192,63,0
445,63,2147483648,63,359
445,64,1879048192,64,0
445,64,2147483648,64,359
445,65,1879048192,65,0
445,65,2147483648,65,359
445,66,1879048192,66,0
445,66,2147483648,66,359
445,67,1879048192,67,0
445,67,2147483648,67,359
445,68,1879048192,68,0
445,68,2147483648,68,359
445,69,1879048192,69,0
445,69,2147483648,69,359
445,70,1879048192,70,0
445,70,2147483648,70,359
445,71,1879048192,71,0
445,71,2147483648,71,359
445,72,1879048192,72,0
445,72,2147483648,72,359
445,73,1879048192,73,0
445,73,2147483648,73,359
445,74,1879048192,74,0
445,74,2147483648,74,359
445,75,1879048192,75,0
445,75,2147483648,75,359
445,76,1879048192,76,0
445,76,2147483648,76,359
445,77,1879048192,77,0
445,77,2147483648,77,359
445,78,1879048192,78,0
445,78,2147483648,78,359
445,79,1879048192,79,0
445,79,2147483648,79,359
445,80,1879048192,80,0
445,80,2147483648,80,359
445,81,1879048192,81,0
445,81,2147483648,81,359
445,82,1879048192,82,0
445,82,2147483648,82,359
445,83,1879048192,83,0
445,83,2147483648,83,359
445,84,1879048192,84,0
445,84,2147483648,84,359
445,85,1879048192,85,0
445,85,2147483648,85,359
445,86,1879048192,86,0
445,86,2147483648,86,359
445,87,1879048192,87,0
445,87,2147483648,87,359
445,88,1879048192,88,0
445,88,2147483648,88,359
445,89,1879048192,89,0
445,89,2147483648,89,359
445,90,1879048192,90,0
445,90,2147483648,90,359
445,91,1879048192,91,0
445,91,2147483648,91,359
445,92,1879048192,92,0
445,92,2147483648,92,359
445,93,1879048192,93,0
445,93,2147483648,93,359
445,94,1879048192,94,0
445,94,2147483648,94,359
445,95,1879048192,95,0
445,95,2147483648,95,359
445,96,1879048192,96,0
445,96,2147483648,96,359
445,97,1879048192,97,0
445,97,2147483648,97,359
445,98,1879048192,98,0
445,98,2147483648,98,359
445,99,1879048192,99,0
445,99,2147483648,99,359
445,100,1879048192,100,0
445,100,2147483648,100,359
445,101,1879048192,101,0
445,101,2147483648,101,359
445,102,1879048192,102,0
445,102,2147483648,102,359
445,103,1879048192,103,0
445,103,2147483648,103,359
445,104,1879048192,104,0
445,104,2147483648,104,359
445,105,1879048192,105,0
445,105,2147483648,105,359
445,106,1879048192,106,0
445,106,2147483648,106,359
445,107,1879048192,107,0
445,107,2147483648,107,359
445,108,1879048192,108,0
445,108,2147483648,108,359
445,109,1879048192,109,0
445,109,2147483648,109,359
445,110,1879048192,110,0
445,110,2147483648,110,359
445,111,1879048192,111,0
445,111,2147483648,111,359
445,112,1879048192,112,0
445,112,2147483648,112,359
445,113,1879048192,113,0
445,113,2147483648,113,359
445,114,1879048192,114,0
445,114,2147483648,114,359
445,115,1879048192,115,0
445,115,2147483648,115,359
445,116,1879048192,116,0
445,116,2147483648,116,359
445,117,1879048192,117,0
445,117,2147483648,117,359
445,118,1879048192,118,0
445,118,2147483648,118,359
445,119,1879048192,119,0
445,119,2147483648,119,359
445,120,1879048192,120,0
445,120,2147483648,120,359
445,121,1879048192,121,0
445,121,2147483648,121,359
445,122,1879048192,122,0
445,122,2147483648,122,359
445,123,1879048192,123,0
445,123,2147483648,123,359
445,124,1879048192,124,0
445,124,2147483648,124,359
445,125,1879048192,125,0
445,125,2147483648,125,359
445,126,1879048192,126,0
445,126,2147483648,126,359
445,127,1879048192,127,0
445,127,2147483648,127,359
445,128,1879048192,128,0
445,128,2147483648,128,359
445,129,1879048192,129,0
445,129,2147483648,129,359
445,130,1879048192,130,0
445,130,2147483648,130,359
445,131,1879048192,131,0
445,131,2147483648,131,359
445,132,1879048192,132,0
445,132,2147483648,132,359
445,133,1879048192,133,0
445,133,2147483648,133,359
445,134,1879048192,134,0
445,134,2147483648,134,359
445,135,1879048192,135,0
445,135,2147483648,135,359
445,136,1879048192,136,0
445,136,2147483648,136,359
445,137,1879048192,137,0
445,137,2147483648,137,359
445,138,1879048192,138,0
445,138,2147483648,138,359
445,139,1879048192,139,0
445,139,2147483648,139,359
445,140,1879048192,140,0
445,140,2147483648,140,359
445,141,805306368,141,164
445,141,805306369,141,165
445,141,1073741824,141,164
445,141,1073741825,141,163
445,142,805306368,142,162
445,142,805306369,142,167
445,142,1073741824,142,166
445,142,1073741825,142,161
445,143,805306368,143,162
445,143,805306369,143,169
445,143,1073741824,143,168
445,143,1073741825,143,161
445,144,805306368,144,162
445,144,805306369,144,170
445,144,1073741824,144,169
445,144,1073741825,144,161
445,145,805306368,145,162
445,145,805306369,145,171
445,145,1073741824,145,170
445,145,1073741825,145,161
445,146,805306368,146,162
445,146,805306369,146,171
445,146,1073741824,146,170
445,146,1073741825,146,161
445,147,805306368,147,162
445,147,805306369,147,171
445,147,1073741824,147,170
445,147,1073741825,147,161
445,148,805306368,148,162
445,148,805306369,148,172
445,148,1073741824,148,171
445,148,1073741825,148,161
445,149,805306368,149,162
445,149,805306369,149,172
445,149,1073741824,149,171
445,149,1073741825,149,161
445,150,805306368,150,162
445,150,805306369,150,172
445,150,1073741824,150,171
445,150,1073741825,150,161
445,151,805306368,151,163
445,151,805306369,151,172
445,151,1073741824,151,171
445,151,1073741825,151,162
445,152,805306368,152,163
445,152,805306369,152,172
445,152,1073741824,152,171
445,152,1073741825,152,162
445,153,805306368,153,163
445,153,805306369,153,172
445,153,1073741824,153,171
445,153,1073741825,153,162
445,154,805306368,154,163
445,154,805306369,154,172
445,154,1073741824,154,171
445,154,1073741825,154,162
445,155,805306368,155,163
445,155,805306369,155,172
445,155,1073741824,155,171
445,155,1073741825,155,162
445,156,805306368,156,163
445,156,805306369,156,173
445,156,1073741824,156,172
445,156,1073741825,156,162
445,157,805306368,157,163
445,157,805306369,157,173
445,157,1073741824,157,172
445,157,1073741825,157,162
445,158,805306368,158,163
445,158,805306369,158,173
445,158,1073741824,158,172
445,158,1073741825,158,162
445,159,805306368,159,163
445,159,805306369,159,173
445,159,1073741824,159,172
445,159,1073741825,159,162
445,160,805306368,160,163
445,160,805306369,160,173
445,160,1073741824,160,172
445,160,1073741825,160,162
445,161,805306368,161,163
445,161,805306369,161,175
445,161,1073741824,161,174
445,161,1073741825,161,162
445,162,805306368,162,164
445,162,805306369,162,178
445,162,1073741824,162,177
445,162,1073741825,162,163
445,163,805306368,163,164
445,163,805306369,163,178
445,163,1073741824,163,177
445,163,1073741825,163,163
445,164,805306368,164,164
445,164,805306369,164,179
445,164,1073741824,164,178
445,164,1073741825,164,163
445,165,805306368,165,164
445,165,805306369,165,179
445,165,1073741824,165,178
445,165,1073741825,165,163
445,166,805306368,166,164
445,166,805306369,166,180
445,166,1073741824,166,179
445,166,1073741825,166,163
445,167,805306368,167,164
445,167,805306369,167,178
445,167,1073741824,167,177
445,167,1073741825,167,163
445,168,805306368,168,165
445,168,805306369,168,178
445,168,1073741824,168,177
445,168,1073741825,168,164
445,169,805306368,169,165
445,169,805306369,169,177
445,169,1073741824,169,176
445,169,1073741825,169,164
445,170,805306368,170,165
445,170,805306369,170,176
445,170,1073741824,170,175
445,170,1073741825,170,164
445,171,805306368,171,165
445,171,805306369,171,176
445,171,1073741824,171,175
445,171,1073741825,171,164
445,172,805306368,172,165
445,172,805306369,172,176
445,172,1073741824,172,175
445,172,1073741825,172,164
445,173,805306368,173,165
445,173,805306369,173,176
445,173,1073741824,173,175
445,173,1073741825,173,164
445,174,805306368,174,165
445,174,805306369,174,176
445,174,1073741824,174,175
445,174,1073741825,174,164
445,175,805306368,175,165
445,175,805306369,175,177
445,175,1073741824,175,176
445,175,1073741825,175,164
445,176,805306368,176,165
445,176,805306369,176,177
445,176,1073741824,176,176
445,176,1073741825,176,164
445,177,805306368,177,165
445,177,805306369,177,177
445,177,1073741824,177,176
445,177,1073741825,177,164
445,178,805306368,178,166
445,178,805306369,178,178
445,178,1073741824,178,177
445,178,1073741825,178,165
445,179,805306368,179,166
445,179,805306369,179,178
445,179,1073741824,179,177
445,179,1073741825,179,165
445,180,805306368,180,166
445,180,805306369,180,178
445,180,1073741824,180,177
445,180,1073741825,180,165
445,181,805306368,181,166
445,181,805306369,181,179
445,181,1073741824,181,178
445,181,1073741825,181,165
445,182,805306368,182,166
445,182,805306369,182,179
445,182,1073741824,182,178
445,182,1073741825,182,165
445,183,805306368,183,166
445,183,805306369,183,179
445,183,805306370,183,204
445,183,805306371,183,205
445,183,1073741824,183,204
445,183,1073741825,183,203
445,183,1073741826,183,178
445,183,1073741827,183,165
445,184,805306368,184,166
445,184,805306369,184,180
445,184,1073741824,184,179
445,184,1073741825,184,165
445,185,805306368,185,166
445,185,805306369,185,180
445,185,1073741824,185,179
445,185,1073741825,185,165
445,186,805306368,186,166
445,186,805306369,186,180
445,186,1073741824,186,179
445,186,1073741825,186,165
445,187,805306368,187,167
445,187,805306369,187,181
445,187,1073741824,187,180
445,187,1073741825,187,166
445,188,805306368,188,167
445,188,805306369,188,181
445,188,1073741824,188,180
445,188,1073741825,188,166
445,189,805306368,189,167
445,189,805306369,189,181
445,189,1073741824,189,180
445,189,1073741825,189,166
445,190,805306368,190,167
445,190,805306369,190,182
445,190,1073741824,190,181
445,190,1073741825,190,166
445,191,805306368,191,167
445,191,805306369,191,182
445,191,1073741824,191,181
445,191,1073741825,191,166
445,192,805306368,192,167
445,192,805306369,192,175
445,192,805306370,192,176
445,192,805306371,192,182
445,192,1073741824,192,181
445,192,1073741825,192,175
445,192,1073741826,192,174
445,192,1073741827,192,166
445,193,805306368,193,167
445,193,805306369,193,175
445,193,805306370,193,176
445,193,805306371,193,182
445,193,1073741824,193,181
445,193,1073741825,193,175
445,193,1073741826,193,174
445,193,1073741827,193,166
445,194,805306368,194,167
445,194,805306369,194,176
445,194,805306370,194,177
445,194,805306371,194,183
445,194,1073741824,194,182
445,194,1073741825,194,176
445,194,1073741826,194,175
445,194,1073741827,194,166
445,195,805306368,195,167
445,195,805306369,195,176
445,195,805306370,195,177
445,195,805306371,195,183
445,195,1073741824,195,182
445,195,1073741825,195,176
445,195,1073741826,195,175
445,195,1073741827,195,166
445,196,805306368,196,167
445,196,805306369,196,176
445,196,805306370,196,177
445,196,805306371,196,183
445,196,1073741824,196,182
445,196,1073741825,196,176
445,196,1073741826,196,175
445,196,1073741827,196,166
445,197,805306368,197,167
445,197,805306369,197,176
445,197,805306370,197,178
445,197,805306371,197,183
445,197,1073741824,197,182
445,197,1073741825,197,177
445,197,1073741826,197,175
445,197,1073741827,197,166
445,198,805306368,198,167
445,198,805306369,198,176
445,198,805306370,198,178
445,198,805306371,198,183
445,198,1073741824,198,182
445,198,1073741825,198,177
445,198,1073741826,198,175
445,198,1073741827,198,166
445,199,805306368,199,168
445,199,805306369,199,176
445,199,805306370,199,179
445,199,805306371,199,184
445,199,1073741824,199,183
445,199,1073741825,199,178
445,199,1073741826,199,175
445,199,1073741827,199,167
445,200,805306368,200,168
445,200,805306369,200,176
445,200,805306370,200,179
445,200,805306371,200,184
445,200,1073741824,200,183
445,200,1073741825,200,178
445,200,1073741826,200,175
445,200,1073741827,200,167
445,201,805306368,201,168
445,201,805306369,201,176
445,201,805306370,201,180
445,201,805306371,201,184
445,201,1073741824,201,183
445,201,1073741825,201,179
445,201,1073741826,201,175
445,201,1073741827,201,167
445,202,805306368,202,168
445,202,805306369,202,176
445,202,805306370,202,180
445,202,805306371,202,184
445,202,1073741824,202,183
445,202,1073741825,202,179
445,202,1073741826,202,175
445,202,1073741827,202,167
445,203,805306368,203,168
445,203,805306369,203,176
445,203,805306370,203,180
445,203,805306371,203,184
445,203,1073741824,203,183
445,203,1073741825,203,179
445,203,1073741826,203,175
445,203,1073741827,203,167
445,204,805306368,204,168
445,204,805306369,204,176
445,204,805306370,204,180
445,204,805306371,204,184
445,204,1073741824,204,183
445,204,1073741825,204,179
445,204,1073741826,204,175
445,204,1073741827,204,167
445,205,805306368,205,168
445,205,805306369,205,176
445,205,805306370,205,180
445,205,805306371,205,185
445,205,1073741824,205,184
445,205,1073741825,205,179
445,205,1073741826,205,175
445,205,1073741827,205,167
445,206,805306368,206,168
445,206,805306369,206,176
445,206,805306370,206,180
445,206,805306371,206,185
445,206,1073741824,206,184
445,206,1073741825,206,179
445,206,1073741826,206,175
445,206,1073741827,206,167
445,207,805306368,207,168
445,207,805306369,207,176
445,207,805306370,207,180
445,207,805306371,207,185
445,207,1073741824,207,184
445,207,1073741825,207,179
445,207,1073741826,207,175
445,207,1073741827,207,167
445,208,805306368,208,168
445,208,805306369,208,176
445,208,1073741824,208,175
445,208,1073741825,208,167
445,209,805306368,209,168
445,209,805306369,209,176
445,209,1073741824,209,175
445,209,1073741825,209,167
445,210,805306368,210,168
445,210,805306369,210,177
445,210,1073741824,210,176
445,210,1073741825,210,167
445,211,805306368,211,168
445,211,805306369,211,177
445,211,1073741824,211,176
445,211,1073741825,211,167
445,212,805306368,212,169
445,212,805306369,212,177
445,212,1073741824,212,176
445,212,1073741825,212,168
445,213,805306368,213,169
445,213,805306369,213,177
445,213,1073741824,213,176
445,213,1073741825,213,168
445,214,805306368,214,169
445,214,805306369,214,177
445,214,1073741824,214,176
445,214,1073741825,214,168
445,215,805306368,215,169
445,215,805306369,215,177
445,215,1073741824,215,176
445,215,1073741825,215,168
445,216,805306368,216,90
445,216,805306369,216,91
445,216,805306370,216,169
445,216,805306371,216,177
445,216,1073741824,216,176
445,216,1073741825,216,168
445,216,1073741826,216,90
445,216,1073741827,216,89
445,217,805306368,217,89
445,217,805306369,217,94
445,217,805306370,217,169
445,217,805306371,217,177
445,217,1073741824,217,176
445,217,1073741825,217,168
445,217,1073741826,217,93
445,217,1073741827,217,88
445,218,805306368,218,88
445,218,805306369,218,95
445,218,805306370,218,169
445,218,805306371,218,177
445,218,1073741824,218,176
445,218,1073741825,218,168
445,218,1073741826,218,94
445,218,1073741827,218,87
445,219,805306368,219,89
445,219,805306369,219,96
445,219,805306370,219,169
445,219,805306371,219,177
445,219,1073741824,219,176
445,219,1073741825,219,168
445,219,1073741826,219,95
445,219,1073741827,219,88
445,220,805306368,220,82
445,220,805306369,220,83
445,220,805306370,220,89
445,220,805306371,220,97
445,220,805306372,220,169
445,220,805306373,220,177
445,220,1073741824,220,176
445,220,1073741825,220,168
445,220,1073741826,220,96
445,220,1073741827,220,88
445,220,1073741828,220,82
445,220,1073741829,220,81
445,221,805306368,221,80
445,221,805306369,221,85
445,221,805306370,221,89
445,221,805306371,221,98
445,221,805306372,221,169
445,221,805306373,221,177
445,221,1073741824,221,176
445,221,1073741825,221,168
445,221,1073741826,221,97
445,221,1073741827,221,88
445,221,1073741828,221,84
445,221,1073741829,221,79
445,222,805306368,222,79
445,222,805306369,222,87
445,222,805306370,222,89
445,222,805306371,222,99
445,222,805306372,222,170
445,222,805306373,222,177
445,222,1073741824,222,176
445,222,1073741825,222,169
445,222,1073741826,222,98
445,222,1073741827,222,88
445,222,1073741828,222,86
445,222,1073741829,222,78
445,223,805306368,223,79
445,223,805306369,223,88
445,223,805306370,223,90
445,223,805306371,223,100
445,223,805306372,223,170
445,223,805306373,223,177
445,223,1073741824,223,176
445,223,1073741825,223,169
445,223,1073741826,223,99
445,223,1073741827,223,89
445,223,1073741828,223,87
445,223,1073741829,223,78
445,224,805306368,224,79
445,224,805306369,224,89
445,224,805306370,224,90
445,224,805306371,224,100
445,224,805306372,224,170
445,224,805306373,224,177
445,224,1073741824,224,176
445,224,1073741825,224,169
445,224,1073741826,224,99
445,224,1073741827,224,89
445,224,1073741828,224,88
445,224,1073741829,224,78
445,225,805306368,225,81
445,225,805306369,225,101
445,225,805306370,225,169
445,225,805306371,225,177
445,225,1073741824,225,176
445,225,1073741825,225,168
445,225,1073741826,225,100
445,225,1073741827,225,80
445,226,805306368,226,82
445,226,805306369,226,101
445,226,805306370,226,169
445,226,805306371,226,178
445,226,1073741824,226,177
445,226,1073741825,226,168
445,226,1073741826,226,100
445,226,1073741827,226,81
445,227,805306368,227,82
445,227,805306369,227,102
445,227,805306370,227,119
445,227,805306371,227,122
445,227,805306372,227,170
445,227,805306373,227,178
445,227,1073741824,227,177
445,227,1073741825,227,169
445,227,1073741826,227,121
445,227,1073741827,227,118
445,227,1073741828,227,101
445,227,1073741829,227,81
445,228,805306368,228,82
445,228,805306369,228,102
445,228,805306370,228,117
445,228,805306371,228,123
445,228,805306372,228,169
445,228,805306373,228,178
445,228,1073741824,228,177
445,228,1073741825,228,168
445,228,1073741826,228,122
445,228,1073741827,228,116
445,228,1073741828,228,101
445,228,1073741829,228,81
445,229,805306368,229,81
445,229,805306369,229,103
445,229,805306370,229,117
445,229,805306371,229,124
445,229,805306372,229,168
445,229,805306373,229,178
445,229,1073741824,229,177
445,229,1073741825,229,167
445,229,1073741826,229,123
445,229,1073741827,229,116
445,229,1073741828,229,102
445,229,1073741829,229,80
445,230,805306368,230,81
445,230,805306369,230,104
445,230,805306370,230,116
445,230,805306371,230,125
445,230,805306372,230,167
445,230,805306373,230,178
445,230,1073741824,230,177
445,230,1073741825,230,166
445,230,1073741826,230,124
445,230,1073741827,230,115
445,230,1073741828,230,103
445,230,1073741829,230,80
445,231,805306368,231,81
445,231,805306369,231,105
445,231,805306370,231,115
445,231,805306371,231,126
445,231,805306372,231,166
445,231,805306373,231,178
445,231,1073741824,231,177
445,231,1073741825,231,165
445,231,1073741826,231,125
445,231,1073741827,231,114
445,231,1073741828,231,104
445,231,1073741829,231,80
445,232,805306368,232,81
445,232,805306369,232,105
445,232,805306370,232,115
445,232,805306371,232,126
445,232,805306372,232,165
445,232,805306373,232,178
445,232,1073741824,232,177
445,232,1073741825,232,164
445,232,1073741826,232,125
445,232,1073741827,232,114
445,232,1073741828,232,104
445,232,1073741829,232,80
445,233,805306368,233,82
445,233,805306369,233,87
445,233,805306370,233,90
445,233,805306371,233,105
445,233,805306372,233,114
445,233,805306373,233,126
445,233,805306374,233,164
445,233,805306375,233,178
445,233,1073741824,233,177
445,233,1073741825,233,163
445,233,1073741826,233,125
445,233,1073741827,233,113
445,233,1073741828,233,104
445,233,1073741829,233,89
445,233,1073741830,233,86
445,233,1073741831,233,81
445,234,805306368,234,82
445,234,805306369,234,86
445,234,805306370,234,91
445,234,805306371,234,106
445,234,805306372,234,114
445,234,805306373,234,127
445,234,805306374,234,163
445,234,805306375,234,178
445,234,1073741824,234,177
445,234,1073741825,234,162
445,234,1073741826,234,126
445,234,1073741827,234,113
445,234,1073741828,234,105
445,234,1073741829,234,90
445,234,1073741830,234,85
445,234,1073741831,234,81
445,235,805306368,235,83
445,235,805306369,235,84
445,235,805306370,235,91
445,235,805306371,235,107
445,235,805306372,235,113
445,235,805306373,235,127
445,235,805306374,235,161
445,235,805306375,235,178
445,235,1073741824,235,177
445,235,1073741825,235,160
445,235,1073741826,235,126
445,235,1073741827,235,112
445,235,1073741828,235,106
445,235,1073741829,235,90
445,235,1073741830,235,83
445,235,1073741831,235,82
445,236,805306368,236,90
445,236,805306369,236,108
445,236,805306370,236,114
445,236,805306371,236,128
445,236,805306372,236,159
445,236,805306373,236,179
445,236,1073741824,236,178
445,236,1073741825,236,158
445,236,1073741826,236,127
445,236,1073741827,236,113
445,236,1073741828,236,107
445,236,1073741829,236,89
445,237,805306368,237,90
445,237,805306369,237,108
445,237,805306370,237,114
445,237,805306371,237,130
445,237,805306372,237,157
445,237,805306373,237,179
445,237,1073741824,237,178
445,237,1073741825,237,156
445,237,1073741826,237,129
445,237,1073741827,237,113
445,237,1073741828,237,107
445,237,1073741829,237,89
445,238,805306368,238,90
445,238,805306369,238,108
445,238,805306370,238,116
445,238,805306371,238,133
445,238,805306372,238,155
445,238,805306373,238,180
445,238,805306374,238,181
445,238,805306375,238,185
445,238,1073741824,238,184
445,238,1073741825,238,180
445,238,1073741826,238,179
445,238,1073741827,238,154
445,238,1073741828,238,132
445,238,1073741829,238,115
445,238,1073741830,238,107
445,238,1073741831,238,89
445,239,805306368,239,91
445,239,805306369,239,108
445,239,805306370,239,110
445,239,805306371,239,112
445,239,805306372,239,117
445,239,805306373,239,122
445,239,805306374,239,123
445,239,805306375,239,137
445,239,805306376,239,153
445,239,805306377,239,166
445,239,805306378,239,169
445,239,805306379,239,186
445,239,1073741824,239,185
445,239,1073741825,239,168
445,239,1073741826,239,165
445,239,1073741827,239,152
445,239,1073741828,239,136
445,239,1073741829,239,122
445,239,1073741830,239,121
445,239,1073741831,239,116
445,239,1073741832,239,111
445,239,1073741833,239,109
445,239,1073741834,239,107
445,239,1073741835,239,90
445,240,805306368,240,90
445,240,805306369,240,113
445,240,805306370,240,124
445,240,805306371,240,142
445,240,805306372,240,151
445,240,805306373,240,164
445,240,805306374,240,170
445,240,805306375,240,187
445,240,1073741824,240,186
445,240,1073741825,240,169
445,240,1073741826,240,163
445,240,1073741827,240,150
445,240,1073741828,240,141
445,240,1073741829,240,123
445,240,1073741830,240,112
445,240,1073741831,240,89
445,241,805306368,241,89
445,241,805306369,241,114
445,241,805306370,241,126
445,241,805306371,241,144
445,241,805306372,241,150
445,241,805306373,241,162
445,241,805306374,241,170
445,241,805306375,241,187
445,241,1073741824,241,186
445,241,1073741825,241,169
445,241,1073741826,241,161
445,241,1073741827,241,149
445,241,1073741828,241,143
445,241,1073741829,241,125
445,241,1073741830,241,113
445,241,1073741831,241,88
445,242,805306368,242,89
445,242,805306369,242,116
445,242,805306370,242,128
445,242,805306371,242,144
445,242,805306372,242,148
445,242,805306373,242,161
445,242,805306374,242,169
445,242,805306375,242,188
445,242,1073741824,242,187
445,242,1073741825,242,168
445,242,1073741826,242,160
445,242,1073741827,242,147
445,242,1073741828,242,143
445,242,1073741829,242,127
445,242,1073741830,242,115
445,242,1073741831,242,88
445,243,805306368,243,87
445,243,805306369,243,117
445,243,805306370,243,130
445,243,805306371,243,145
445,243,805306372,243,147
445,243,805306373,243,159
445,243,805306374,243,168
445,243,805306375,243,188
445,243,1073741824,243,187
445,243,1073741825,243,167
445,243,1073741826,243,158
445,243,1073741827,243,146
445,243,1073741828,243,144
445,243,1073741829,243,129
445,243,1073741830,243,116
445,243,1073741831,243,86
445,244,805306368,244,86
445,244,805306369,244,117
445,244,805306370,244,132
445,244,805306371,244,158
445,244,805306372,244,168
445,244,805306373,244,188
445,244,1073741824,244,187
445,244,1073741825,244,167
445,244,1073741826,244,157
445,244,1073741827,244,131
445,244,1073741828,244,116
445,244,1073741829,244,85
445,245,805306368,245,85
445,245,805306369,245,117
445,245,805306370,245,132
445,245,805306371,245,156
445,245,805306372,245,167
445,245,805306373,245,188
445,245,1073741824,245,187
445,245,1073741825,245,166
445,245,1073741826,245,155
445,245,1073741827,245,131
445,245,1073741828,245,116
445,245,1073741829,245,84
445,246,805306368,246,84
445,246,805306369,246,117
445,246,805306370,246,127
445,246,805306371,246,155
445,246,805306372,246,166
445,246,805306373,246,188
445,246,1073741824,246,187
445,246,1073741825,246,165
445,246,1073741826,246,154
445,246,1073741827,246,126
445,246,1073741828,246,116
445,246,1073741829,246,83
445,247,805306368,247,84
445,247,805306369,247,117
445,247,805306370,247,126
445,247,805306371,247,153
445,247,805306372,247,165
445,247,805306373,247,188
445,247,1073741824,247,187
445,247,1073741825,247,164
445,247,1073741826,247,152
445,247,1073741827,247,125
445,247,1073741828,247,116
445,247,1073741829,247,83
445,248,805306368,248,83
445,248,805306369,248,119
445,248,805306370,248,125
445,248,805306371,248,151
445,248,805306372,248,165
445,248,805306373,248,187
445,248,1073741824,248,186
445,248,1073741825,248,164
445,248,1073741826,248,150
445,248,1073741827,248,124
445,248,1073741828,248,118
445,248,1073741829,248,82
445,249,805306368,249,82
445,249,805306369,249,120
445,249,805306370,249,122
445,249,805306371,249,148
445,249,805306372,249,164
445,249,805306373,249,187
445,249,1073741824,249,186
445,249,1073741825,249,163
445,249,1073741826,249,147
445,249,1073741827,249,121
445,249,1073741828,249,119
445,249,1073741829,249,81
445,250,805306368,250,82
445,250,805306369,250,146
445,250,805306370,250,163
445,250,805306371,250,187
445,250,1073741824,250,186
445,250,1073741825,250,162
445,250,1073741826,250,145
445,250,1073741827,250,81
445,251,805306368,251,82
445,251,805306369,251,144
445,251,805306370,251,162
445,251,805306371,251,187
445,251,1073741824,251,186
445,251,1073741825,251,161
445,251,1073741826,251,143
445,251,1073741827,251,81
445,252,805306368,252,81
445,252,805306369,252,144
445,252,805306370,252,161
445,252,805306371,252,187
445,252,1073741824,252,186
445,252,1073741825,252,160
445,252,1073741826,252,143
445,252,1073741827,252,80
445,253,805306368,253,81
445,253,805306369,253,146
445,253,805306370,253,160
445,253,805306371,253,187
445,253,1073741824,253,186
445,253,1073741825,253,159
445,253,1073741826,253,145
445,253,1073741827,253,80
445,254,805306368,254,81
445,254,805306369,254,147
445,254,805306370,254,159
445,254,805306371,254,187
445,254,1073741824,254,186
445,254,1073741825,254,158
445,254,1073741826,254,146
445,254,1073741827,254,80
445,255,805306368,255,81
445,255,805306369,255,149
445,255,805306370,255,158
445,255,805306371,255,187
445,255,1073741824,255,186
445,255,1073741825,255,157
445,255,1073741826,255,148
445,255,1073741827,255,80
445,256,805306368,256,81
445,256,805306369,256,151
445,256,805306370,256,156
445,256,805306371,256,186
445,256,1073741824,256,185
445,256,1073741825,256,155
445,256,1073741826,256,150
445,256,1073741827,256,80
445,257,805306368,257,81
445,257,805306369,257,152
445,257,805306370,257,155
445,257,805306371,257,186
445,257,1073741824,257,185
445,257,1073741825,257,154
445,257,1073741826,257,151
445,257,1073741827,257,80
445,258,805306368,258,81
445,258,805306369,258,186
445,258,1073741824,258,185
445,258,1073741825,258,80
445,259,805306368,259,81
445,259,805306369,259,186
445,259,1073741824,259,185
445,259,1073741825,259,80
445,260,805306368,260,81
445,260,805306369,260,186
445,260,1073741824,260,185
445,260,1073741825,260,80
445,261,805306368,261,81
445,261,805306369,261,186
445,261,1073741824,261,185
445,261,1073741825,261,80
445,262,805306368,262,81
445,262,805306369,262,186
445,262,1073741824,262,185
445,262,1073741825,262,80
445,263,805306368,263,82
445,263,805306369,263,186
445,263,1073741824,263,185
445,263,1073741825,263,81
445,264,805306368,264,82
445,264,805306369,264,186
445,264,1073741824,264,185
445,264,1073741825,264,81
445,265,805306368,265,82
445,265,805306369,265,186
445,265,1073741824,265,185
445,265,1073741825,265,81
445,266,805306368,266,82
445,266,805306369,266,99
445,266,805306370,266,102
445,266,805306371,266,187
445,266,1073741824,266,186
445,266,1073741825,266,101
445,266,1073741826,266,98
445,266,1073741827,266,81
445,267,805306368,267,83
445,267,805306369,267,94
445,267,805306370,267,102
445,267,805306371,267,187
445,267,1073741824,267,186
445,267,1073741825,267,101
445,267,1073741826,267,93
445,267,1073741827,267,82
445,268,805306368,268,83
445,268,805306369,268,93
445,268,805306370,268,103
445,268,805306371,268,187
445,268,1073741824,268,186
445,268,1073741825,268,102
445,268,1073741826,268,92
445,268,1073741827,268,82
445,269,805306368,269,84
445,269,805306369,269,93
445,269,805306370,269,103
445,269,805306371,269,187
445,269,1073741824,269,186
445,269,1073741825,269,102
445,269,1073741826,269,92
445,269,1073741827,269,83
445,270,805306368,270,84
445,270,805306369,270,93
445,270,805306370,270,103
445,270,805306371,270,187
445,270,1073741824,270,186
445,270,1073741825,270,102
445,270,1073741826,270,92
445,270,1073741827,270,83
445,271,805306368,271,85
445,271,805306369,271,93
445,271,805306370,271,104
445,271,805306371,271,132
445,271,805306372,271,133
445,271,805306373,271,198
445,271,1073741824,271,197
445,271,1073741825,271,132
445,271,1073741826,271,131
445,271,1073741827,271,103
445,271,1073741828,271,92
445,271,1073741829,271,84
445,272,805306368,272,86
445,272,805306369,272,93
445,272,805306370,272,104
445,272,805306371,272,132
445,272,805306372,272,137
445,272,805306373,272,201
445,272,1073741824,272,200
445,272,1073741825,272,136
445,272,1073741826,272,131
445,272,1073741827,272,103
445,272,1073741828,272,92
445,272,1073741829,272,85
445,273,805306368,273,87
445,273,805306369,273,94
445,273,805306370,273,105
445,273,805306371,273,133
445,273,805306372,273,140
445,273,805306373,273,202
445,273,1073741824,273,201
445,273,1073741825,273,139
445,273,1073741826,273,132
445,273,1073741827,273,104
445,273,1073741828,273,93
445,273,1073741829,273,86
445,274,805306368,274,87
445,274,805306369,274,94
445,274,805306370,274,105
445,274,805306371,274,133
445,274,805306372,274,142
445,274,805306373,274,202
445,274,1073741824,274,201
445,274,1073741825,274,141
445,274,1073741826,274,132
445,274,1073741827,274,104
445,274,1073741828,274,93
445,274,1073741829,274,86
445,275,805306368,275,88
445,275,805306369,275,95
445,275,805306370,275,105
445,275,805306371,275,133
445,275,805306372,275,143
445,275,805306373,275,202
445,275,1073741824,275,201
445,275,1073741825,275,142
445,275,1073741826,275,132
445,275,1073741827,275,104
445,275,1073741828,275,94
445,275,1073741829,275,87
445,276,805306368,276,89
445,276,805306369,276,96
445,276,805306370,276,105
445,276,805306371,276,134
445,276,805306372,276,142
445,276,805306373,276,201
445,276,1073741824,276,200
445,276,1073741825,276,141
445,276,1073741826,276,133
445,276,1073741827,276,104
445,276,1073741828,276,95
445,276,1073741829,276,88
445,277,805306368,277,90
445,277,805306369,277,96
445,277,805306370,277,106
445,277,805306371,277,132
445,277,805306372,277,133
445,277,805306373,277,134
445,277,805306374,277,141
445,277,805306375,277,200
445,277,1073741824,277,199
445,277,1073741825,277,140
445,277,1073741826,277,133
445,277,1073741827,277,132
445,277,1073741828,277,131
445,277,1073741829,277,105
445,277,1073741830,277,95
445,277,1073741831,277,89
445,278,805306368,278,91
445,278,805306369,278,97
445,278,805306370,278,106
445,278,805306371,278,132
445,278,805306372,278,133
445,278,805306373,278,134
445,278,805306374,278,139
445,278,805306375,278,196
445,278,1073741824,278,195
445,278,1073741825,278,138
445,278,1073741826,278,133
445,278,1073741827,278,132
445,278,1073741828,278,131
445,278,1073741829,278,105
445,278,1073741830,278,96
445,278,1073741831,278,90
445,279,805306368,279,91
445,279,805306369,279,97
445,279,805306370,279,107
445,279,805306371,279,132
445,279,805306372,279,138
445,279,805306373,279,195
445,279,1073741824,279,194
445,279,1073741825,279,137
445,279,1073741826,279,131
445,279,1073741827,279,106
445,279,1073741828,279,96
445,279,1073741829,279,90
445,280,805306368,280,93
445,280,805306369,280,98
445,280,805306370,280,108
445,280,805306371,280,133
445,280,805306372,280,137
445,280,805306373,280,197
445,280,1073741824,280,196
445,280,1073741825,280,136
445,280,1073741826,280,132
445,280,1073741827,280,107
445,280,1073741828,280,97
445,280,1073741829,280,92
445,281,805306368,281,93
445,281,805306369,281,98
445,281,805306370,281,108
445,281,805306371,281,133
445,281,805306372,281,136
445,281,805306373,281,199
445,281,1073741824,281,198
445,281,1073741825,281,135
445,281,1073741826,281,132
445,281,1073741827,281,107
445,281,1073741828,281,97
445,281,1073741829,281,92
445,282,805306368,282,94
445,282,805306369,282,98
445,282,805306370,282,109
445,282,805306371,282,133
445,282,805306372,282,135
445,282,805306373,282,200
445,282,1073741824,282,199
445,282,1073741825,282,134
445,282,1073741826,282,132
445,282,1073741827,282,108
445,282,1073741828,282,97
445,282,1073741829,282,93
445,283,805306368,283,95
445,283,805306369,283,98
445,283,805306370,283,110
445,283,805306371,283,133
445,283,805306372,283,135
445,283,805306373,283,201
445,283,1073741824,283,200
445,283,1073741825,283,134
445,283,1073741826,283,132
445,283,1073741827,283,109
445,283,1073741828,283,97
445,283,1073741829,283,94
445,284,805306368,284,95
445,284,805306369,284,98
445,284,805306370,284,111
445,284,805306371,284,129
445,284,805306372,284,130
445,284,805306373,284,133
445,284,805306374,284,134
445,284,805306375,284,201
445,284,1073741824,284,200
445,284,1073741825,284,133
445,284,1073741826,284,132
445,284,1073741827,284,129
445,284,1073741828,284,128
445,284,1073741829,284,110
445,284,1073741830,284,97
445,284,1073741831,284,94
445,285,805306368,285,96
445,285,805306369,285,98
445,285,805306370,285,112
445,285,805306371,285,129
445,285,805306372,285,134
445,285,805306373,285,201
445,285,1073741824,285,200
445,285,1073741825,285,133
445,285,1073741826,285,128
445,285,1073741827,285,111
445,285,1073741828,285,97
445,285,1073741829,285,95
445,286,805306368,286,97
445,286,805306369,286,98
445,286,805306370,286,113
445,286,805306371,286,114
445,286,805306372,286,116
445,286,805306373,286,129
445,286,805306374,286,133
445,286,805306375,286,184
445,286,805306376,286,186
445,286,805306377,286,201
445,286,1073741824,286,200
445,286,1073741825,286,185
445,286,1073741826,286,183
445,286,1073741827,286,132
445,286,1073741828,286,128
445,286,1073741829,286,115
445,286,1073741830,286,113
445,286,1073741831,286,112
445,286,1073741832,286,97
445,286,1073741833,286,96
445,287,805306368,287,116
445,287,805306369,287,129
445,287,805306370,287,133
445,287,805306371,287,184
445,287,805306372,287,189
445,287,805306373,287,200
445,287,1073741824,287,199
445,287,1073741825,287,188
445,287,1073741826,287,183
445,287,1073741827,287,132
445,287,1073741828,287,128
445,287,1073741829,287,115
445,288,805306368,288,116
445,288,805306369,288,129
445,288,805306370,288,133
445,288,805306371,288,184
445,288,805306372,288,193
445,288,805306373,288,198
445,288,1073741824,288,197
445,288,1073741825,288,192
445,288,1073741826,288,183
445,288,1073741827,288,132
445,288,1073741828,288,128
445,288,1073741829,288,115
445,289,805306368,289,116
445,289,805306369,289,130
445,289,805306370,289,133
445,289,805306371,289,156
445,289,805306372,289,158
445,289,805306373,289,184
445,289,1073741824,289,183
445,289,1073741825,289,157
445,289,1073741826,289,155
445,289,1073741827,289,132
445,289,1073741828,289,129
445,289,1073741829,289,115
445,290,805306368,290,117
445,290,805306369,290,130
445,290,805306370,290,134
445,290,805306371,290,156
445,290,805306372,290,159
445,290,805306373,290,184
445,290,1073741824,290,183
445,290,1073741825,290,158
445,290,1073741826,290,155
445,290,1073741827,290,133
445,290,1073741828,290,129
445,290,1073741829,290,116
445,291,805306368,291,117
445,291,805306369,291,130
445,291,805306370,291,140
445,291,805306371,291,156
445,291,805306372,291,159
445,291,805306373,291,184
445,291,1073741824,291,183
445,291,1073741825,291,158
445,291,1073741826,291,155
445,291,1073741827,291,139
445,291,1073741828,291,129
445,291,1073741829,291,116
445,292,805306368,292,117
445,292,805306369,292,118
445,292,805306370,292,119
445,292,805306371,292,131
445,292,805306372,292,150
445,292,805306373,292,156
445,292,805306374,292,160
445,292,805306375,292,184
445,292,1073741824,292,183
445,292,1073741825,292,159
445,292,1073741826,292,155
445,292,1073741827,292,149
445,292,1073741828,292,130
445,292,1073741829,292,118
445,292,1073741830,292,117
445,292,1073741831,292,116
445,293,805306368,293,119
445,293,805306369,293,131
445,293,805306370,293,150
445,293,805306371,293,156
445,293,805306372,293,160
445,293,805306373,293,184
445,293,1073741824,293,183
445,293,1073741825,293,159
445,293,1073741826,293,155
445,293,1073741827,293,149
445,293,1073741828,293,130
445,293,1073741829,293,118
445,294,805306368,294,119
445,294,805306369,294,130
445,294,805306370,294,150
445,294,805306371,294,157
445,294,805306372,294,160
445,294,805306373,294,184
445,294,1073741824,294,183
445,294,1073741825,294,159
445,294,1073741826,294,156
445,294,1073741827,294,149
445,294,1073741828,294,129
445,294,1073741829,294,118
445,295,805306368,295,119
445,295,805306369,295,130
445,295,805306370,295,150
445,295,805306371,295,157
445,295,805306372,295,161
445,295,805306373,295,184
445,295,1073741824,295,183
445,295,1073741825,295,160
445,295,1073741826,295,156
445,295,1073741827,295,149
445,295,1073741828,295,129
445,295,1073741829,295,118
445,296,805306368,296,119
445,296,805306369,296,124
445,296,805306370,296,125
445,296,805306371,296,128
445,296,805306372,296,150
445,296,805306373,296,157
445,296,805306374,296,161
445,296,805306375,296,184
445,296,1073741824,296,183
445,296,1073741825,296,160
445,296,1073741826,296,156
445,296,1073741827,296,149
445,296,1073741828,296,127
445,296,1073741829,296,124
445,296,1073741830,296,123
445,296,1073741831,296,118
445,297,805306368,297,121
445,297,805306369,297,124
445,297,805306370,297,125
445,297,805306371,297,128
445,297,805306372,297,151
445,297,805306373,297,158
445,297,805306374,297,161
445,297,805306375,297,184
445,297,1073741824,297,183
445,297,1073741825,297,160
445,297,1073741826,297,157
445,297,1073741827,297,150
445,297,1073741828,297,127
445,297,1073741829,297,124
445,297,1073741830,297,123
445,297,1073741831,297,120
445,298,805306368,298,122
445,298,805306369,298,124
445,298,805306370,298,126
445,298,805306371,298,128
445,298,805306372,298,151
445,298,805306373,298,158
445,298,805306374,298,161
445,298,805306375,298,184
445,298,1073741824,298,183
445,298,1073741825,298,160
445,298,1073741826,298,157
445,298,1073741827,298,150
445,298,1073741828,298,127
445,298,1073741829,298,125
445,298,1073741830,298,123
445,298,1073741831,298,121
445,299,805306368,299,123
445,299,805306369,299,124
445,299,805306370,299,127
445,299,805306371,299,129
445,299,805306372,299,151
445,299,805306373,299,158
445,299,805306374,299,162
445,299,805306375,299,185
445,299,1073741824,299,184
445,299,1073741825,299,161
445,299,1073741826,299,157
445,299,1073741827,299,150
445,299,1073741828,299,128
445,299,1073741829,299,126
445,299,1073741830,299,123
445,299,1073741831,299,122
445,300,805306368,300,151
445,300,805306369,300,158
445,300,805306370,300,162
445,300,805306371,300,185
445,300,1073741824,300,184
445,300,1073741825,300,161
445,300,1073741826,300,157
445,300,1073741827,300,150
445,301,805306368,301,151
445,301,805306369,301,158
445,301,805306370,301,162
445,301,805306371,301,186
445,301,1073741824,301,185
445,301,1073741825,301,161
445,301,1073741826,301,157
445,301,1073741827,301,150
445,302,805306368,302,151
445,302,805306369,302,159
445,302,805306370,302,162
445,302,805306371,302,186
445,302,1073741824,302,185
445,302,1073741825,302,161
445,302,1073741826,302,158
445,302,1073741827,302,150
445,303,805306368,303,151
445,303,805306369,303,159
445,303,805306370,303,162
445,303,805306371,303,187
445,303,1073741824,303,186
445,303,1073741825,303,161
445,303,1073741826,303,158
445,303,1073741827,303,150
445,304,805306368,304,151
445,304,805306369,304,159
445,304,805306370,304,162
445,304,805306371,304,187
445,304,1073741824,304,186
445,304,1073741825,304,161
445,304,1073741826,304,158
445,304,1073741827,304,150
445,305,805306368,305,151
445,305,805306369,305,159
445,305,805306370,305,162
445,305,805306371,305,188
445,305,1073741824,305,187
445,305,1073741825,305,161
445,305,1073741826,305,158
445,305,1073741827,305,150
445,306,805306368,306,151
445,306,805306369,306,159
445,306,805306370,306,162
445,306,805306371,306,188
445,306,1073741824,306,187
445,306,1073741825,306,161
445,306,1073741826,306,158
445,306,1073741827,306,150
445,307,805306368,307,151
445,307,805306369,307,160
445,307,805306370,307,163
445,307,805306371,307,189
445,307,1073741824,307,188
445,307,1073741825,307,162
445,307,1073741826,307,159
445,307,1073741827,307,150
445,308,805306368,308,151
445,308,805306369,308,160
445,308,805306370,308,163
445,308,805306371,308,189
445,308,1073741824,308,188
445,308,1073741825,308,162
445,308,1073741826,308,159
445,308,1073741827,308,150
445,309,805306368,309,152
445,309,805306369,309,160
445,309,805306370,309,163
445,309,805306371,309,189
445,309,1073741824,309,188
445,309,1073741825,309,162
445,309,1073741826,309,159
445,309,1073741827,309,151
445,310,805306368,310,152
445,310,805306369,310,160
445,310,805306370,310,163
445,310,805306371,310,190
445,310,1073741824,310,189
445,310,1073741825,310,162
445,310,1073741826,310,159
445,310,1073741827,310,151
445,311,805306368,311,152
445,311,805306369,311,160
445,311,805306370,311,163
445,311,805306371,311,190
445,311,1073741824,311,189
445,311,1073741825,311,162
445,311,1073741826,311,159
445,311,1073741827,311,151
445,312,805306368,312,152
445,312,805306369,312,161
445,312,805306370,312,163
445,312,805306371,312,190
445,312,1073741824,312,189
445,312,1073741825,312,162
445,312,1073741826,312,160
445,312,1073741827,312,151
445,313,805306368,313,152
445,313,805306369,313,161
445,313,805306370,313,163
445,313,805306371,313,190
445,313,1073741824,313,189
445,313,1073741825,313,162
445,313,1073741826,313,160
445,313,1073741827,313,151
445,314,805306368,314,152
445,314,805306369,314,156
445,314,805306370,314,157
445,314,805306371,314,161
445,314,805306372,314,163
445,314,805306373,314,191
445,314,1073741824,314,190
445,314,1073741825,314,162
445,314,1073741826,314,160
445,314,1073741827,314,156
445,314,1073741828,314,155
445,314,1073741829,314,151
445,315,805306368,315,152
445,315,805306369,315,156
445,315,805306370,315,157
445,315,805306371,315,161
445,315,805306372,315,163
445,315,805306373,315,191
445,315,1073741824,315,190
445,315,1073741825,315,162
445,315,1073741826,315,160
445,315,1073741827,315,156
445,315,1073741828,315,155
445,315,1073741829,315,151
445,316,805306368,316,152
445,316,805306369,316,156
445,316,805306370,316,157
445,316,805306371,316,161
445,316,805306372,316,162
445,316,805306373,316,191
445,316,1073741824,316,190
445,316,1073741825,316,161
445,316,1073741826,316,160
445,316,1073741827,316,156
445,316,1073741828,316,155
445,316,1073741829,316,151
445,317,805306368,317,152
445,317,805306369,317,156
445,317,805306370,317,157
445,317,805306371,317,158
445,317,805306372,317,162
445,317,805306373,317,191
445,317,1073741824,317,190
445,317,1073741825,317,161
445,317,1073741826,317,157
445,317,1073741827,317,156
445,317,1073741828,317,155
445,317,1073741829,317,151
445,318,805306368,318,152
445,318,805306369,318,156
445,318,805306370,318,162
445,318,805306371,318,191
445,318,1073741824,318,190
445,318,1073741825,318,161
445,318,1073741826,318,155
445,318,1073741827,318,151
445,319,805306368,319,152
445,319,805306369,319,156
445,319,805306370,319,162
445,319,805306371,319,192
445,319,1073741824,319,191
445,319,1073741825,319,161
445,319,1073741826,319,155
445,319,1073741827,319,151
445,320,805306368,320,161
445,320,805306369,320,192
445,320,1073741824,320,191
445,320,1073741825,320,160
445,321,805306368,321,161
445,321,805306369,321,192
445,321,1073741824,321,191
445,321,1073741825,321,160
445,322,805306368,322,161
445,322,805306369,322,192
445,322,1073741824,322,191
445,322,1073741825,322,160
445,323,805306368,323,67
445,323,805306369,323,68
445,323,805306370,323,161
445,323,805306371,323,192
445,323,1073741824,323,191
445,323,1073741825,323,160
445,323,1073741826,323,67
445,323,1073741827,323,66
445,324,805306368,324,161
445,324,805306369,324,192
445,324,1073741824,324,191
445,324,1073741825,324,160
445,325,805306368,325,161
445,325,805306369,325,192
445,325,1073741824,325,191
445,325,1073741825,325,160
445,326,805306368,326,160
445,326,805306369,326,193
445,326,1073741824,326,192
445,326,1073741825,326,159
445,327,805306368,327,160
445,327,805306369,327,193
445,327,1073741824,327,192
445,327,1073741825,327,159
445,328,805306368,328,160
445,328,805306369,328,193
445,328,1073741824,328,192
445,328,1073741825,328,159
445,329,805306368,329,160
445,329,805306369,329,193
445,329,1073741824,329,192
445,329,1073741825,329,159
445,330,805306368,330,160
445,330,805306369,330,193
445,330,1073741824,330,192
445,330,1073741825,330,159
445,331,805306368,331,159
445,331,805306369,331,193
445,331,1073741824,331,192
445,331,1073741825,331,158
445,332,805306368,332,159
445,332,805306369,332,193
445,332,1073741824,332,192
445,332,1073741825,332,158
445,333,805306368,333,159
445,333,805306369,333,194
445,333,805306370,333,210
445,333,805306371,333,211
445,333,1073741824,333,210
445,333,1073741825,333,209
445,333,1073741826,333,193
445,333,1073741827,333,158
445,334,805306368,334,159
445,334,805306369,334,194
445,334,1073741824,334,193
445,334,1073741825,334,158
445,335,805306368,335,159
445,335,805306369,335,194
445,335,1073741824,335,193
445,335,1073741825,335,158
445,336,805306368,336,159
445,336,805306369,336,194
445,336,1073741824,336,193
445,336,1073741825,336,158
445,337,805306368,337,158
445,337,805306369,337,195
445,337,1073741824,337,194
445,337,1073741825,337,157
445,338,805306368,338,158
445,338,805306369,338,195
445,338,1073741824,338,194
445,338,1073741825,338,157
445,339,805306368,339,158
445,339,805306369,339,195
445,339,1073741824,339,194
445,339,1073741825,339,157
445,340,805306368,340,158
445,340,805306369,340,195
445,340,1073741824,340,194
445,340,1073741825,340,157
445,341,805306368,341,158
445,341,805306369,341,195
445,341,1073741824,341,194
445,341,1073741825,341,157
445,342,805306368,342,158
445,342,805306369,342,196
445,342,1073741824,342,195
445,342,1073741825,342,157
445,343,805306368,343,158
445,343,805306369,343,196
445,343,1073741824,343,195
445,343,1073741825,343,157
445,344,805306368,344,158
445,344,805306369,344,196
445,344,1073741824,344,195
445,344,1073741825,344,157
445,345,805306368,345,158
445,345,805306369,345,196
445,345,1073741824,345,195
445,345,1073741825,345,157
445,346,805306368,346,158
445,346,805306369,346,197
445,346,1073741824,346,196
445,346,1073741825,346,157
445,347,805306368,347,158
445,347,805306369,347,197
445,347,1073741824,347,196
445,347,1073741825,347,157
445,348,805306368,348,158
445,348,805306369,348,198
445,348,1073741824,348,197
445,348,1073741825,348,157
445,349,805306368,349,158
445,349,805306369,349,199
445,349,1073741824,349,198
445,349,1073741825,349,157
445,350,805306368,350,158
445,350,805306369,350,200
445,350,1073741824,350,199
445,350,1073741825,350,157
445,351,805306368,351,158
445,351,805306369,351,197
445,351,805306370,351,199
445,351,805306371,351,200
445,351,1073741824,351,199
445,351,1073741825,351,198
445,351,1073741826,351,196
445,351,1073741827,351,157
445,352,805306368,352,158
445,352,805306369,352,198
445,352,805306370,352,199
445,352,805306371,352,201
445,352,1073741824,352,200
445,352,1073741825,352,198
445,352,1073741826,352,197
445,352,1073741827,352,157
445,353,805306368,353,158
445,353,805306369,353,198
445,353,805306370,353,200
445,353,805306371,353,202
445,353,1073741824,353,201
445,353,1073741825,353,199
445,353,1073741826,353,197
445,353,1073741827,353,157
445,354,805306368,354,158
445,354,805306369,354,199
445,354,805306370,354,201
445,354,805306371,354,202
445,354,1073741824,354,201
445,354,1073741825,354,200
445,354,1073741826,354,198
445,354,1073741827,354,157
445,355,805306368,355,158
445,355,805306369,355,199
445,355,805306370,355,202
445,355,805306371,355,203
445,355,1073741824,355,202
445,355,1073741825,355,201
445,355,1073741826,355,198
445,355,1073741827,355,157
445,356,805306368,356,158
445,356,805306369,356,200
445,356,805306370,356,202
445,356,805306371,356,204
445,356,1073741824,356,203
445,356,1073741825,356,201
445,356,1073741826,356,199
445,356,1073741827,356,157
445,357,805306368,357,158
445,357,805306369,357,200
445,357,805306370,357,203
445,357,805306371,357,204
445,357,1073741824,357,203
445,357,1073741825,357,202
445,357,1073741826,357,199
445,357,1073741827,357,157
445,358,805306368,358,159
445,358,805306369,358,201
445,358,1073741824,358,200
445,358,1073741825,358,158
445,359,805306368,359,159
445,359,805306369,359,201
445,359,1073741824,359,200
445,359,1073741825,359,158
445,360,805306368,360,159
445,360,805306369,360,200
445,360,1073741824,360,199
445,360,1073741825,360,158
445,361,805306368,361,159
445,361,805306369,361,201
445,361,1073741824,361,200
445,361,1073741825,361,158
445,362,805306368,362,159
445,362,805306369,362,201
445,362,1073741824,362,200
445,362,1073741825,362,158
445,363,805306368,363,159
445,363,805306369,363,199
445,363,805306370,363,200
445,363,805306371,363,201
445,363,1073741824,363,200
445,363,1073741825,363,199
445,363,1073741826,363,198
445,363,1073741827,363,158
445,364,805306368,364,159
445,364,805306369,364,161
445,364,805306370,364,162
445,364,805306371,364,198
445,364,805306372,364,200
445,364,805306373,364,202
445,364,1073741824,364,201
445,364,1073741825,364,199
445,364,1073741826,364,197
445,364,1073741827,364,161
445,364,1073741828,364,160
445,364,1073741829,364,158
445,365,805306368,365,162
445,365,805306369,365,197
445,365,1073741824,365,196
445,365,1073741825,365,161
445,366,805306368,366,162
445,366,805306369,366,197
445,366,1073741824,366,196
445,366,1073741825,366,161
445,367,805306368,367,162
445,367,805306369,367,163
445,367,805306370,367,166
445,367,805306371,367,197
445,367,1073741824,367,196
445,367,1073741825,367,165
445,367,1073741826,367,162
445,367,1073741827,367,161
445,368,805306368,368,168
445,368,805306369,368,195
445,368,1073741824,368,194
445,368,1073741825,368,167
445,369,805306368,369,168
445,369,805306369,369,195
445,369,1073741824,369,194
445,369,1073741825,369,167
445,370,805306368,370,168
445,370,805306369,370,194
445,370,1073741824,370,193
445,370,1073741825,370,167
445,371,805306368,371,169
445,371,805306369,371,192
445,371,1073741824,371,191
445,371,1073741825,371,168
445,372,805306368,372,172
445,372,805306369,372,192
445,372,1073741824,372,191
445,372,1073741825,372,171
445,373,805306368,373,171
445,373,805306369,373,193
445,373,1073741824,373,192
445,373,1073741825,373,170
445,374,805306368,374,171
445,374,805306369,374,193
445,374,1073741824,374,192
445,374,1073741825,374,170
445,375,805306368,375,170
445,375,805306369,375,194
445,375,1073741824,375,193
445,375,1073741825,375,169
445,376,805306368,376,170
445,376,805306369,376,194
445,376,1073741824,376,193
445,376,1073741825,376,169
445,377,805306368,377,173
445,377,805306369,377,190
445,377,805306370,377,191
445,377,805306371,377,194
445,377,1073741824,377,193
445,377,1073741825,377,190
445,377,1073741826,377,189
445,377,1073741827,377,172
445,378,805306368,378,172
445,378,805306369,378,190
445,378,805306370,378,191
445,378,805306371,378,193
445,378,1073741824,378,192
445,378,1073741825,378,190
445,378,1073741826,378,189
445,378,1073741827,378,171
445,379,805306368,379,175
445,379,805306369,379,191
445,379,805306370,379,192
445,379,805306371,379,193
445,379,1073741824,379,192
445,379,1073741825,379,191
445,379,1073741826,379,190
445,379,1073741827,379,174
445,380,805306368,380,175
445,380,805306369,380,177
445,380,805306370,380,181
445,380,805306371,380,185
445,380,805306372,380,186
445,380,805306373,380,188
445,380,805306374,380,189
445,380,805306375,380,191
445,380,1073741824,380,190
445,380,1073741825,380,188
445,380,1073741826,380,187
445,380,1073741827,380,185
445,380,1073741828,380,184
445,380,1073741829,380,180
445,380,1073741830,380,176
445,380,1073741831,380,174
445,381,805306368,381,175
445,381,805306369,381,177
445,381,805306370,381,181
445,381,805306371,381,185
445,381,805306372,381,189
445,381,805306373,381,191
445,381,1073741824,381,190
445,381,1073741825,381,188
445,381,1073741826,381,184
445,381,1073741827,381,180
445,381,1073741828,381,176
445,381,1073741829,381,174
445,382,805306368,382,175
445,382,805306369,382,177
445,382,805306370,382,182
445,382,805306371,382,183
445,382,1073741824,382,182
445,382,1073741825,382,181
445,382,1073741826,382,176
445,382,1073741827,382,174
445,383,805306368,383,175
445,383,805306369,383,176
445,383,1073741824,383,175
445,383,1073741825,383,174
445,384,1879048192,384,0
445,384,2147483648,384,359
445,385,1879048192,385,0
445,385,2147483648,385,359
445,386,1879048192,386,0
445,386,2147483648,386,359
445,387,1879048192,387,0
445,387,2147483648,387,359
445,388,1879048192,388,0
445,388,2147483648,388,359
445,389,1879048192,389,0
445,389,2147483648,389,359
445,390,1879048192,390,0
445,390,2147483648,390,359
445,391,1879048192,391,0
445,391,2147483648,391,359
445,392,1879048192,392,0
445,392,2147483648,392,359
445,393,1879048192,393,0
445,393,2147483648,393,359
445,394,1879048192,394,0
445,394,2147483648,394,359
445,395,1879048192,395,0
445,395,2147483648,395,359
445,396,1879048192,396,0
445,396,2147483648,396,359
445,397,1879048192,397,0
445,397,2147483648,397,359
445,398,1879048192,398,0
445,398,2147483648,398,359
445,399,1879048192,399,0
445,399,2147483648,399,359
445,400,1879048192,400,0
445,400,2147483648,400,359
445,401,1879048192,401,0
445,401,2147483648,401,359
445,402,1879048192,402,0
445,402,2147483648,402,359
445,403,1879048192,403,0
445,403,2147483648,403,359
445,404,1879048192,404,0
445,404,2147483648,404,359
445,405,1879048192,405,0
445,405,2147483648,405,359
445,406,1879048192,406,0
445,406,2147483648,406,359
445,407,1879048192,407,0
445,407,2147483648,407,359
445,408,1879048192,408,0
445,408,2147483648,408,359
445,409,1879048192,409,0
445,409,2147483648,409,359
445,410,1879048192,410,0
445,410,2147483648,410,359
445,411,1879048192,411,0
445,411,2147483648,411,359
445,412,1879048192,412,0
445,412,2147483648,412,359
445,413,1879048192,413,0
445,413,2147483648,413,359
445,414,1879048192,414,0
445,414,2147483648,414,359
445,415,1879048192,415,0
445,415,2147483648,415,359
445,416,1879048192,416,0
445,416,2147483648,416,359
445,417,1879048192,417,0
445,417,2147483648,417,359
445,418,1879048192,418,0
445,418,2147483648,418,359
445,419,1879048192,419,0
445,419,2147483648,419,359
445,420,1879048192,420,0
445,420,2147483648,420,359
445,421,1879048192,421,0
445,421,2147483648,421,359
445,422,1879048192,422,0
445,422,2147483648,422,359
445,423,1879048192,423,0
445,423,2147483648,423,359
445,424,1879048192,424,0
445,424,2147483648,424,359
445,425,1879048192,425,0
445,425,2147483648,425,359
445,426,1879048192,426,0
445,426,2147483648,426,359
445,427,1879048192,427,0
445,427,2147483648,427,359
445,428,1879048192,428,0
445,428,2147483648,428,359
445,429,1879048192,429,0
445,429,2147483648,429,359
445,430,805306368,430,78
445,430,805306369,430,79
445,430,1073741824,430,78
445,430,1073741825,430,77
445,431,1879048192,431,0
445,431,2147483648,431,359
445,432,1879048192,432,0
445,432,2147483648,432,359
445,433,1879048192,433,0
445,433,2147483648,433,359
445,434,1879048192,434,0
445,434,2147483648,434,359
445,435,1879048192,435,0
445,435,2147483648,435,359
445,436,1879048192,436,0
445,436,2147483648,436,359
445,437,1879048192,437,0
445,437,2147483648,437,359
445,438,1879048192,438,0
445,438,2147483648,438,359
445,439,1879048192,439,0
445,439,2147483648,439,359
445,440,1879048192,440,0
445,440,2147483648,440,359
445,441,1879048192,441,0
445,441,2147483648,441,359
445,442,1879048192,442,0
445,442,2147483648,442,359
445,443,1879048192,443,0
445,443,2147483648,443,359
445,444,1879048192,444,0
445,444,2147483648,444,359
445,445,1879048192,445,0
445,445,2147483648,445,359
445,446,1879048192,446,0
445,446,2147483648,446,359
445,447,1879048192,447,0
445,447,2147483648,447,359
445,448,1879048192,448,0
445,448,2147483648,448,359
445,449,1879048192,449,0
445,449,2147483648,449,359
445,450,1879048192,450,0
445,450,2147483648,450,359
445,451,1879048192,451,0
445,451,2147483648,451,359
445,452,1879048192,452,0
445,452,2147483648,452,359
445,453,1879048192,453,0
445,453,2147483648,453,359
445,454,1879048192,454,0
445,454,2147483648,454,359
445,455,1879048192,455,0
445,455,2147483648,455,359
445,456,1879048192,456,0
445,456,2147483648,456,359
445,457,1879048192,457,0
445,457,2147483648,457,359
445,458,1879048192,458,0
445,458,2147483648,458,359
445,459,1879048192,459,0
445,459,2147483648,459,359
445,460,1879048192,460,0
445,460,2147483648,460,359
445,461,1879048192,461,0
445,461,2147483648,461,359
445,462,1879048192,462,0
445,462,2147483648,462,359
445,463,1879048192,463,0
445,463,2147483648,463,359
445,464,1879048192,464,0
445,464,2147483648,464,359
445,465,1879048192,465,0
445,465,2147483648,465,359
445,466,1879048192,466,0
445,466,2147483648,466,359
445,467,1879048192,467,0
445,467,2147483648,467,359
445,468,1879048192,468,0
445,468,2147483648,468,359
445,469,1879048192,469,0
445,469,2147483648,469,359
445,470,1879048192,470,0
445,470,2147483648,470,359
445,471,1879048192,471,0
445,471,2147483648,471,359
445,472,1879048192,472,0
445,472,2147483648,472,359
445,473,1879048192,473,0
445,473,2147483648,473,359
